25,0,0.023515
50,0,0.023115
75,0,0.023115
100,0,0.022916
125,0,0.023115
150,0,0.022916
175,0,0.022916
200,0,0.022916
225,0,0.022916
250,0,0.022916
275,0,0.022916
300,0,0.022916
325,0,0.023115
350,0,0.023115
375,0,0.022916
400,0,0.022718
425,0,0.022519
450,0.03,0.022519
475,0.03,0.022519
500,0.03,0.022519
525,0.03,0.022322
550,0.03,0.021537
575,0.03,0.021537
600,0.03,0.021732
625,0.03,0.021537
650,0.03,0.021537
675,0.03,0.021537
700,0.03,0.021342
725,0.03,0.021342
750,0.03,0.021342
775,0.03,0.021342
800,0.03,0.021342
825,0.03,0.021342
850,0.03,0.021147
875,0.03,0.020953
900,0.03,0.020953
925,0.03,0.020953
950,0.03,0.021732
975,0.03,0.021537
1000,0.03,0.021537
1025,0.03,0.021928
1050,0.03,0.022125
1075,0.03,0.022125
1100,0.03,0.022322
1125,0.03,0.022322
1150,0.03,0.022519
1175,0.03,0.022519
1200,0.03,0.022322
1225,0.03,0.021928
1250,0.03,0.022125
1275,0.03,0.022322
1300,0.03,0.022519
1325,0.03,0.022519
1350,0.03,0.022718
1375,0.03,0.022916
1400,0.03,0.022519
1425,0.03,0.022322
1450,0.03,0.022125
1475,0.03,0.022322
1500,0.03,0.022519
1525,0.03,0.024524
1550,0.03,0.024321
1575,0.03,0.024321
1600,0.03,0.024524
1625,0.03,0.025135
1650,0.03,0.025135
1675,0.03,0.024931
1700,0.03,0.024727
1725,0.03,0.024931
1750,0.03,0.024727
1775,0.03,0.024524
1800,0.03,0.024727
1825,0.03,0.024524
1850,0.03,0.024524
1875,0.03,0.024321
1900,0.03,0.023716
1925,0.03,0.021732
1950,0.03,0.021732
1975,0.03,0.021732
2000,0.03,0.021928
2025,0.03,0.021928
2050,0.03,0.021928
2075,0.03,0.021928
2100,0.03,0.021147
2125,0.03,0.021147
2150,0.03,0.021147
2175,0.03,0.021342
2200,0.03,0.021342
2225,0.03,0.021732
2250,0.03,0.021537
2275,0.03,0.021537
2300,0.03,0.021928
2325,0.03,0.021928
2350,0.03,0.021928
2375,0.03,0.021928
2400,0.03,0.021732
2425,0.03,0.021537
2450,0.03,0.021732
2475,0.03,0.021732
2500,0.03,0.022519
2525,0.03,0.022322
2550,0.03,0.022125
2575,0.03,0.022125
2600,0.03,0.022125
2625,0.03,0.021928
2650,0.03,0.022916
2675,0.03,0.022916
2700,0.03,0.022916
2725,0.03,0.022916
2750,0.03,0.022916
2775,0.03,0.023115
2800,0.03,0.023315
2825,0.03,0.023515
2850,0.03,0.023515
2875,0.03,0.023515
2900,0.03,0.023716
2925,0.03,0.023315
2950,0.03,0.023515
2975,0.03,0.023315
3000,0.03,0.023315
3025,0.03,0.023315
3050,0.03,0.022519
3075,0.03,0.022718
3100,0.03,0.022718
3125,0.03,0.022916
3150,0.03,0.022916
3175,0.03,0.022718
3200,0.03,0.022519
3225,0.03,0.022519
3250,0.03,0.022519
3275,0.03,0.022718
3300,0.03,0.022718
3325,0.03,0.023115
3350,0.03,0.023115
3375,0.03,0.023115
3400,0.03,0.023115
3425,0.03,0.023115
3450,0.03,0.023115
3475,0.03,0.022519
3500,0.03,0.022125
3525,0.03,0.021928
3550,0.03,0.021928
3575,0.03,0.021928
3600,0.03,0.021928
3625,0.03,0.021732
3650,0.03,0.021537
3675,0.03,0.021342
3700,0.03,0.020184
3725,0.03,0.020184
3750,0.03,0.020184
3775,0.03,0.020184
3800,0.03,0.020375
3825,0.03,0.020375
3850,0.03,0.020375
3875,0.03,0.02076
3900,0.03,0.021147
3925,0.03,0.021147
3950,0.03,0.021147
3975,0.03,0.020953
4000,0.03,0.020953
4025,0.03,0.020953
4050,0.03,0.020953
4075,0.03,0.021147
4100,0.03,0.022125
4125,0.03,0.022125
4150,0.03,0.022125
4175,0.03,0.022125
4200,0.03,0.021537
4225,0.03,0.021732
4250,0.03,0.021928
4275,0.03,0.021928
4300,0.03,0.021537
4325,0.03,0.021732
4350,0.03,0.021928
4375,0.03,0.022125
4400,0.03,0.022125
4425,0.03,0.021928
4450,0.03,0.021928
4475,0.06,0.021732
4500,0.06,0.021928
4525,0.06,0.022125
4550,0.06,0.022322
4575,0.06,0.022718
4600,0.06,0.023716
4625,0.06,0.024119
4650,0.06,0.024727
4675,0.06,0.025546
4700,0.06,0.027206
4725,0.06,0.028472
4750,0.06,0.029971
4775,0.06,0.031494
4800,0.06,0.033484
4825,0.06,0.035739
4850,0.06,0.037574
4875,0.06,0.040143
4900,0.06,0.042523
4925,0.06,0.044945
4950,0.06,0.047656
4975,0.06,0.049909
5000,0.06,0.052706
5025,0.06,0.055549
5050,0.06,0.058173
5075,0.06,0.060834
5100,0.06,0.062989
5125,0.06,0.06462
5150,0.06,0.065989
5175,0.06,0.06959
5200,0.06,0.071834
5225,0.06,0.074101
5250,0.06,0.076677
5275,0.06,0.078409
5300,0.06,0.080445
5325,0.06,0.082496
5350,0.06,0.084267
5375,0.06,0.086647
5400,0.06,0.088145
5425,0.06,0.089953
5450,0.06,0.091467
5475,0.06,0.093296
5500,0.06,0.095443
5525,0.06,0.097605
5550,0.06,0.099782
5575,0.06,0.10009
5600,0.06,0.10103
5625,0.06,0.1026
5650,0.06,0.10418
5675,0.06,0.10608
5700,0.06,0.10704
5725,0.06,0.10736
5750,0.06,0.108
5775,0.06,0.10896
5800,0.06,0.11024
5825,0.06,0.11121
5850,0.06,0.11283
5875,0.06,0.11348
5900,0.06,0.1138
5925,0.06,0.11478
5950,0.06,0.11608
5975,0.06,0.11707
6000,0.06,0.11838
6025,0.06,0.11904
6050,0.06,0.12069
6075,0.06,0.12102
6100,0.06,0.12036
6125,0.06,0.12235
6150,0.06,0.12402
6175,0.06,0.12535
6200,0.06,0.12602
6225,0.06,0.12636
6250,0.06,0.12703
6275,0.06,0.12838
6300,0.06,0.12939
6325,0.06,0.13007
6350,0.06,0.13075
6375,0.06,0.13109
6400,0.06,0.13177
6425,0.06,0.13279
6450,0.06,0.13279
6475,0.06,0.13381
6500,0.06,0.13656
6525,0.06,0.13759
6550,0.06,0.13725
6575,0.06,0.13759
6600,0.06,0.13863
6625,0.06,0.13967
6650,0.06,0.14036
6675,0.06,0.14036
6700,0.06,0.1414
6725,0.06,0.14245
6750,0.06,0.14314
6775,0.06,0.14384
6800,0.06,0.14349
6825,0.06,0.14384
6850,0.06,0.14419
6875,0.06,0.14454
6900,0.06,0.14489
6925,0.06,0.14489
6950,0.06,0.14595
6975,0.06,0.1463
7000,0.06,0.14665
7025,0.06,0.147
7050,0.06,0.147
7075,0.06,0.14771
7100,0.06,0.14771
7125,0.06,0.14771
7150,0.06,0.14841
7175,0.06,0.14877
7200,0.06,0.15018
7225,0.06,0.14947
7250,0.06,0.15018
7275,0.06,0.14947
7300,0.06,0.14947
7325,0.06,0.15018
7350,0.06,0.15054
7375,0.06,0.15089
7400,0.06,0.15054
7425,0.06,0.15054
7450,0.06,0.15124
7475,0.06,0.15196
7500,0.06,0.15267
7525,0.06,0.15267
7550,0.06,0.15267
7575,0.06,0.15196
7600,0.06,0.15196
7625,0.06,0.15374
7650,0.06,0.15267
7675,0.06,0.1541
7700,0.06,0.15481
7725,0.06,0.15481
7750,0.06,0.15553
7775,0.06,0.15624
7800,0.06,0.15696
7825,0.06,0.15804
7850,0.06,0.15804
7875,0.06,0.1584
7900,0.06,0.15876
7925,0.06,0.16093
7950,0.06,0.15948
7975,0.06,0.16129
8000,0.06,0.16165
8025,0.06,0.16129
8050,0.06,0.16238
8075,0.06,0.16238
8100,0.06,0.16275
8125,0.06,0.16311
8150,0.06,0.16347
8175,0.06,0.16347
8200,0.06,0.16384
8225,0.06,0.16347
8250,0.06,0.16384
8275,0.06,0.16384
8300,0.06,0.16384
8325,0.06,0.16275
8350,0.06,0.16456
8375,0.06,0.16456
8400,0.06,0.16493
8425,0.06,0.16529
8450,0.06,0.16566
8475,0.09,0.16676
8500,0.09,0.16933
8525,0.09,0.17376
8550,0.09,0.17786
8575,0.09,0.18387
8600,0.09,0.18956
8625,0.09,0.19724
8650,0.09,0.20579
8675,0.09,0.21406
8700,0.09,0.22324
8725,0.09,0.23294
8750,0.09,0.2436
8775,0.09,0.25441
8800,0.09,0.26579
8825,0.09,0.27776
8850,0.09,0.29034
8875,0.09,0.30221
8900,0.09,0.31199
8925,0.09,0.32006
8950,0.09,0.32957
8975,0.09,0.33642
9000,0.09,0.34469
9025,0.09,0.35071
9050,0.09,0.35536
9075,0.09,0.36096
9100,0.09,0.36566
9125,0.09,0.36943
9150,0.09,0.37273
9175,0.09,0.37653
9200,0.09,0.37938
9225,0.09,0.38224
9250,0.09,0.38511
9275,0.09,0.38798
9300,0.09,0.39134
9325,0.09,0.39279
9350,0.09,0.39423
9375,0.09,0.39664
9400,0.09,0.39761
9425,0.09,0.39906
9450,0.09,0.40051
9475,0.09,0.40197
9500,0.09,0.40245
9525,0.09,0.4044
9550,0.09,0.40585
9575,0.09,0.40683
9600,0.09,0.40829
9625,0.09,0.40975
9650,0.09,0.41073
9675,0.09,0.41122
9700,0.09,0.41171
9725,0.09,0.41366
9750,0.09,0.41464
9775,0.09,0.41513
9800,0.09,0.41612
9825,0.09,0.4171
9850,0.09,0.41857
9875,0.09,0.41906
9900,0.09,0.42103
9925,0.09,0.42201
9950,0.09,0.4235
9975,0.09,0.42399
10000,0.09,0.42547
10025,0.09,0.42646
10050,0.09,0.42745
10075,0.09,0.42893
10100,0.09,0.42993
10125,0.09,0.43092
10150,0.09,0.43141
10175,0.09,0.43191
10200,0.09,0.4334
10225,0.09,0.43439
10250,0.09,0.43489
10275,0.09,0.43589
10300,0.09,0.43639
10325,0.09,0.43689
10350,0.09,0.43689
10375,0.09,0.43788
10400,0.09,0.43838
10425,0.09,0.43888
10450,0.09,0.43988
10475,0.09,0.44038
10500,0.09,0.43938
10525,0.09,0.43988
10550,0.09,0.44238
10575,0.09,0.44288
10600,0.09,0.44288
10625,0.09,0.44388
10650,0.09,0.44438
10675,0.09,0.44488
10700,0.09,0.44589
10725,0.09,0.44639
10750,0.09,0.44639
10775,0.09,0.44689
10800,0.09,0.44689
10825,0.09,0.44739
10850,0.09,0.44739
10875,0.09,0.44739
10900,0.09,0.4494
10925,0.09,0.4484
10950,0.09,0.44739
10975,0.09,0.4484
11000,0.09,0.4484
11025,0.09,0.4484
11050,0.09,0.4484
11075,0.09,0.4484
11100,0.09,0.4479
11125,0.09,0.4484
11150,0.09,0.4489
11175,0.09,0.4494
11200,0.09,0.4494
11225,0.09,0.4489
11250,0.09,0.4494
11275,0.09,0.4494
11300,0.09,0.4489
11325,0.09,0.45041
11350,0.09,0.45041
11375,0.09,0.45041
11400,0.09,0.45091
11425,0.09,0.45091
11450,0.09,0.45142
11475,0.09,0.45192
11500,0.09,0.45192
11525,0.09,0.45192
11550,0.09,0.45192
11575,0.09,0.45293
11600,0.09,0.45343
11625,0.09,0.45444
11650,0.09,0.45394
11675,0.09,0.45444
11700,0.09,0.45495
11725,0.09,0.45394
11750,0.09,0.45444
11775,0.09,0.45545
11800,0.09,0.45495
11825,0.09,0.45545
11850,0.09,0.45545
11875,0.09,0.45545
11900,0.09,0.45596
11925,0.09,0.45596
11950,0.09,0.45647
11975,0.09,0.45596
12000,0.09,0.45647
12025,0.09,0.45647
12050,0.09,0.45697
12075,0.09,0.45748
12100,0.09,0.45798
12125,0.09,0.459
12150,0.09,0.45849
12175,0.09,0.45798
12200,0.09,0.459
12225,0.09,0.459
12250,0.09,0.4595
12275,0.09,0.46001
12300,0.09,0.46052
12325,0.09,0.46102
12350,0.09,0.46153
12375,0.09,0.46153
12400,0.09,0.46102
12425,0.09,0.46102
12450,0.09,0.46052
12475,0.12,0.46204
12500,0.12,0.4656
12525,0.12,0.4707
12550,0.12,0.47889
12575,0.12,0.48868
12600,0.12,0.49958
12625,0.12,0.51161
12650,0.12,0.52426
12675,0.12,0.53809
12700,0.12,0.55256
12725,0.12,0.5688
12750,0.12,0.58519
12775,0.12,0.60284
12800,0.12,0.62179
12825,0.12,0.64037
12850,0.12,0.6597
12875,0.12,0.6775
12900,0.12,0.69312
12925,0.12,0.71063
12950,0.12,0.72297
12975,0.12,0.73301
13000,0.12,0.74251
13025,0.12,0.75085
13050,0.12,0.75922
13075,0.12,0.76582
13100,0.12,0.77184
13125,0.12,0.77606
13150,0.12,0.77969
13175,0.12,0.78332
13200,0.12,0.78635
13225,0.12,0.78938
13250,0.12,0.79303
13275,0.12,0.79607
13300,0.12,0.79912
13325,0.12,0.79851
13350,0.12,0.80034
13375,0.12,0.80278
13400,0.12,0.804
13425,0.12,0.804
13450,0.12,0.80522
13475,0.12,0.80645
13500,0.12,0.80767
13525,0.12,0.80889
13550,0.12,0.80951
13575,0.12,0.81073
13600,0.12,0.81196
13625,0.12,0.81318
13650,0.12,0.8138
13675,0.12,0.81441
13700,0.12,0.81564
13725,0.12,0.81748
13750,0.12,0.81871
13775,0.12,0.81871
13800,0.12,0.81994
13825,0.12,0.82179
13850,0.12,0.82056
13875,0.12,0.82056
13900,0.12,0.82117
13925,0.12,0.82179
13950,0.12,0.82425
13975,0.12,0.82425
14000,0.12,0.82425
14025,0.12,0.82487
14050,0.12,0.82487
14075,0.12,0.82548
14100,0.12,0.8261
14125,0.12,0.8261
14150,0.12,0.8261
14175,0.12,0.82672
14200,0.12,0.8261
14225,0.12,0.82672
14250,0.12,0.82857
14275,0.12,0.82918
14300,0.12,0.8298
14325,0.12,0.8298
14350,0.12,0.8298
14375,0.12,0.83042
14400,0.12,0.83042
14425,0.12,0.83042
14450,0.12,0.83042
14475,0.12,0.83104
14500,0.12,0.83042
14525,0.12,0.83042
14550,0.12,0.83104
14575,0.12,0.83166
14600,0.12,0.83351
14625,0.12,0.83351
14650,0.12,0.83413
14675,0.12,0.83475
14700,0.12,0.83475
14725,0.12,0.83537
14750,0.12,0.83599
14775,0.12,0.83599
14800,0.12,0.83661
14825,0.12,0.83599
14850,0.12,0.83723
14875,0.12,0.83661
14900,0.12,0.83723
14925,0.12,0.83723
14950,0.12,0.83723
14975,0.12,0.83661
15000,0.12,0.83599
15025,0.12,0.83847
15050,0.12,0.83847
15075,0.12,0.83847
15100,0.12,0.83847
15125,0.12,0.83847
15150,0.12,0.83847
15175,0.12,0.83908
15200,0.12,0.83908
15225,0.12,0.83971
15250,0.12,0.83785
15275,0.12,0.83847
15300,0.12,0.83847
15325,0.12,0.83847
15350,0.12,0.83847
15375,0.12,0.83908
15400,0.12,0.83971
15425,0.12,0.83785
15450,0.12,0.83847
15475,0.12,0.83971
15500,0.12,0.84033
15525,0.12,0.84095
15550,0.12,0.84095
15575,0.12,0.84095
15600,0.12,0.84157
15625,0.12,0.84219
15650,0.12,0.84467
15675,0.12,0.84529
15700,0.12,0.84529
15725,0.12,0.84591
15750,0.12,0.84903
15775,0.12,0.84903
15800,0.12,0.84903
15825,0.12,0.8484
15850,0.12,0.8484
15875,0.12,0.84716
15900,0.12,0.84591
15925,0.12,0.84654
15950,0.12,0.84716
15975,0.12,0.84654
16000,0.12,0.84654
16025,0.12,0.84654
16050,0.12,0.84467
16075,0.12,0.84467
16100,0.12,0.84405
16125,0.12,0.84343
16150,0.12,0.84095
16175,0.12,0.84095
16200,0.12,0.84219
16225,0.12,0.84467
16250,0.12,0.84343
16275,0.12,0.84405
16300,0.12,0.84716
16325,0.12,0.84654
16350,0.12,0.84654
16375,0.12,0.84716
16400,0.12,0.84716
16425,0.12,0.84716
16450,0.12,0.84716
16475,0.15,0.85027
16500,0.15,0.85651
16525,0.15,0.86589
16550,0.15,0.8772
16575,0.15,0.89045
16600,0.15,0.90377
16625,0.15,0.9178
16650,0.15,0.93706
16675,0.15,0.95645
16700,0.15,0.97401
16725,0.15,0.99498
16750,0.15,1.0161
16775,0.15,1.0387
16800,0.15,1.0628
16825,0.15,1.0878
16850,0.15,1.1158
16875,0.15,1.1357
16900,0.15,1.155
16925,0.15,1.171
16950,0.15,1.1849
16975,0.15,1.1969
17000,0.15,1.2067
17025,0.15,1.2166
17050,0.15,1.2236
17075,0.15,1.23
17100,0.15,1.2371
17125,0.15,1.2435
17150,0.15,1.2506
17175,0.15,1.2542
17200,0.15,1.257
17225,0.15,1.2592
17250,0.15,1.2599
17275,0.15,1.2634
17300,0.15,1.2656
17325,0.15,1.2685
17350,0.15,1.2692
17375,0.15,1.2706
17400,0.15,1.272
17425,0.15,1.2728
17450,0.15,1.2735
17475,0.15,1.2749
17500,0.15,1.2749
17525,0.15,1.2749
17550,0.15,1.2735
17575,0.15,1.2749
17600,0.15,1.2749
17625,0.15,1.2756
17650,0.15,1.2764
17675,0.15,1.2771
17700,0.15,1.2778
17725,0.15,1.2771
17750,0.15,1.2792
17775,0.15,1.2785
17800,0.15,1.2792
17825,0.15,1.2785
17850,0.15,1.2807
17875,0.15,1.2807
17900,0.15,1.2821
17925,0.15,1.2821
17950,0.15,1.2821
17975,0.15,1.2835
18000,0.15,1.2843
18025,0.15,1.2843
18050,0.15,1.2843
18075,0.15,1.2857
18100,0.15,1.2857
18125,0.15,1.2879
18150,0.15,1.2879
18175,0.15,1.2907
18200,0.15,1.2922
18225,0.15,1.2936
18250,0.15,1.2907
18275,0.15,1.2929
18300,0.15,1.2929
18325,0.15,1.2936
18350,0.15,1.2943
18375,0.15,1.2929
18400,0.15,1.2943
18425,0.15,1.2958
18450,0.15,1.2958
18475,0.15,1.2951
18500,0.15,1.2965
18525,0.15,1.2965
18550,0.15,1.2958
18575,0.15,1.2958
18600,0.15,1.2958
18625,0.15,1.2972
18650,0.15,1.3001
18675,0.15,1.2994
18700,0.15,1.2987
18725,0.15,1.2979
18750,0.15,1.2987
18775,0.15,1.2994
18800,0.15,1.3001
18825,0.15,1.2987
18850,0.15,1.2994
18875,0.15,1.2994
18900,0.15,1.2994
18925,0.15,1.2994
18950,0.15,1.2987
18975,0.15,1.2987
19000,0.15,1.2987
19025,0.15,1.2987
19050,0.15,1.2994
19075,0.15,1.2994
19100,0.15,1.3008
19125,0.15,1.3023
19150,0.15,1.303
19175,0.15,1.3037
19200,0.15,1.3045
19225,0.15,1.3059
19250,0.15,1.3066
19275,0.15,1.3081
19300,0.15,1.3066
19325,0.15,1.3066
19350,0.15,1.3074
19375,0.15,1.3074
19400,0.15,1.3081
19425,0.15,1.3081
19450,0.15,1.3074
19475,0.15,1.3074
19500,0.15,1.3088
19525,0.15,1.3088
19550,0.15,1.3088
19575,0.15,1.3088
19600,0.15,1.3074
19625,0.15,1.3081
19650,0.15,1.3088
19675,0.15,1.3088
19700,0.15,1.3102
19725,0.15,1.3102
19750,0.15,1.3117
19775,0.15,1.3124
19800,0.15,1.3117
19825,0.15,1.3124
19850,0.15,1.3132
19875,0.15,1.3132
19900,0.15,1.3124
19925,0.15,1.3124
19950,0.15,1.3124
19975,0.15,1.3139
20000,0.15,1.3146
20025,0.15,1.3146
20050,0.15,1.3139
20075,0.15,1.3139
20100,0.15,1.3146
20125,0.15,1.3153
20150,0.15,1.3153
20175,0.15,1.3146
20200,0.15,1.3153
20225,0.15,1.316
20250,0.15,1.3153
20275,0.15,1.3168
20300,0.15,1.316
20325,0.15,1.316
20350,0.15,1.3182
20375,0.15,1.3168
20400,0.15,1.3139
20425,0.15,1.3139
20450,0.15,1.3146
20475,0.18,1.3168
20500,0.18,1.3219
20525,0.18,1.3313
20550,0.18,1.3437
20575,0.18,1.3591
20600,0.18,1.376
20625,0.18,1.3953
20650,0.18,1.4161
20675,0.18,1.4362
20700,0.18,1.4603
20725,0.18,1.4852
20750,0.18,1.508
20775,0.18,1.5348
20800,0.18,1.564
20825,0.18,1.5904
20850,0.18,1.6177
20875,0.18,1.6435
20900,0.18,1.6664
20925,0.18,1.6846
20950,0.18,1.7005
20975,0.18,1.7141
21000,0.18,1.7269
21025,0.18,1.7357
21050,0.18,1.7429
21075,0.18,1.751
21100,0.18,1.7558
21125,0.18,1.7607
21150,0.18,1.7631
21175,0.18,1.7671
21200,0.18,1.7712
21225,0.18,1.7752
21250,0.18,1.7784
21275,0.18,1.7809
21300,0.18,1.7833
21325,0.18,1.7857
21350,0.18,1.7873
21375,0.18,1.7898
21400,0.18,1.7898
21425,0.18,1.7906
21450,0.18,1.7938
21475,0.18,1.7938
21500,0.18,1.7955
21525,0.18,1.7938
21550,0.18,1.7971
21575,0.18,1.7971
21600,0.18,1.7979
21625,0.18,1.7979
21650,0.18,1.7987
21675,0.18,1.7987
21700,0.18,1.7987
21725,0.18,1.7987
21750,0.18,1.8003
21775,0.18,1.7995
21800,0.18,1.7995
21825,0.18,1.8003
21850,0.18,1.8003
21875,0.18,1.8256
21900,0.18,1.8256
21925,0.18,1.8289
21950,0.18,1.8289
21975,0.18,1.8297
22000,0.18,1.8289
22025,0.18,1.8297
22050,0.18,1.8297
22075,0.18,1.8297
22100,0.18,1.8314
22125,0.18,1.8322
22150,0.18,1.8305
22175,0.18,1.8305
22200,0.18,1.8305
22225,0.18,1.8305
22250,0.18,1.8305
22275,0.18,1.806
22300,0.18,1.8069
22325,0.18,1.8069
22350,0.18,1.806
22375,0.18,1.8069
22400,0.18,1.8077
22425,0.18,1.8077
22450,0.18,1.8077
22475,0.18,1.8085
22500,0.18,1.8085
22525,0.18,1.8085
22550,0.18,1.8093
22575,0.18,1.8101
22600,0.18,1.8142
22625,0.18,1.8142
22650,0.18,1.815
22675,0.18,1.8158
22700,0.18,1.8166
22725,0.18,1.8166
22750,0.18,1.8183
22775,0.18,1.8175
22800,0.18,1.8175
22825,0.18,1.8175
22850,0.18,1.8175
22875,0.18,1.8175
22900,0.18,1.8166
22925,0.18,1.8175
22950,0.18,1.8183
22975,0.18,1.8183
23000,0.18,1.815
23025,0.18,1.815
23050,0.18,1.8142
23075,0.18,1.815
23100,0.18,1.8142
23125,0.18,1.815
23150,0.18,1.815
23175,0.18,1.8166
23200,0.18,1.8175
23225,0.18,1.8175
23250,0.18,1.8191
23275,0.18,1.8191
23300,0.18,1.8191
23325,0.18,1.8191
23350,0.18,1.8191
23375,0.18,1.8199
23400,0.18,1.8199
23425,0.18,1.8207
23450,0.18,1.8207
23475,0.18,1.8199
23500,0.18,1.8191
23525,0.18,1.8183
23550,0.18,1.8175
23575,0.18,1.8166
23600,0.18,1.8158
23625,0.18,1.8166
23650,0.18,1.8158
23675,0.18,1.8134
23700,0.18,1.8142
23725,0.18,1.8166
23750,0.18,1.8166
23775,0.18,1.8175
23800,0.18,1.8183
23825,0.18,1.8183
23850,0.18,1.8191
23875,0.18,1.8199
23900,0.18,1.8215
23925,0.18,1.8224
23950,0.18,1.8215
23975,0.18,1.8215
24000,0.18,1.8248
24025,0.18,1.8248
24050,0.18,1.824
24075,0.18,1.8273
24100,0.18,1.8273
24125,0.18,1.8248
24150,0.18,1.824
24175,0.18,1.8232
24200,0.18,1.8232
24225,0.18,1.8248
24250,0.18,1.8232
24275,0.18,1.8191
24300,0.18,1.8183
24325,0.18,1.8183
24350,0.18,1.8199
24375,0.18,1.8199
24400,0.18,1.8175
24425,0.18,1.8175
24450,0.18,1.8183
24475,0.21,1.8215
24500,0.21,1.8289
24525,0.21,1.8404
24550,0.21,1.8552
24575,0.21,1.8716
24600,0.21,1.8882
24625,0.21,1.9072
24650,0.21,1.9314
24675,0.21,1.959
24700,0.21,1.9834
24725,0.21,2.0097
24750,0.21,2.0343
24775,0.21,2.0625
24800,0.21,2.0908
24825,0.21,2.121
24850,0.21,2.1513
24875,0.21,2.1784
24900,0.21,2.1924
24925,0.21,2.2117
24950,0.21,2.2284
24975,0.21,2.2434
25000,0.21,2.2593
25025,0.21,2.27
25050,0.21,2.2797
25075,0.21,2.2886
25100,0.21,2.2976
25125,0.21,2.3038
25150,0.21,2.3127
25175,0.21,2.3172
25200,0.21,2.3226
25225,0.21,2.3253
25250,0.21,2.3279
25275,0.21,2.3306
25300,0.21,2.3432
25325,0.21,2.3459
25350,0.21,2.3459
25375,0.21,2.3468
25400,0.21,2.3468
25425,0.21,2.3477
25450,0.21,2.3486
25475,0.21,2.3495
25500,0.21,2.3504
25525,0.21,2.3522
25550,0.21,2.3531
25575,0.21,2.354
25600,0.21,2.354
25625,0.21,2.3558
25650,0.21,2.354
25675,0.21,2.3549
25700,0.21,2.3549
25725,0.21,2.3549
25750,0.21,2.3549
25775,0.21,2.3558
25800,0.21,2.3567
25825,0.21,2.3576
25850,0.21,2.3576
25875,0.21,2.3576
25900,0.21,2.3576
25925,0.21,2.3558
25950,0.21,2.3549
25975,0.21,2.354
26000,0.21,2.3531
26025,0.21,2.3522
26050,0.21,2.354
26075,0.21,2.354
26100,0.21,2.354
26125,0.21,2.3531
26150,0.21,2.3558
26175,0.21,2.3576
26200,0.21,2.3594
26225,0.21,2.3594
26250,0.21,2.3603
26275,0.21,2.3603
26300,0.21,2.3603
26325,0.21,2.3612
26350,0.21,2.3612
26375,0.21,2.363
26400,0.21,2.3684
26425,0.21,2.3693
26450,0.21,2.3702
26475,0.21,2.3702
26500,0.21,2.3702
26525,0.21,2.3711
26550,0.21,2.3711
26575,0.21,2.3693
26600,0.21,2.3675
26625,0.21,2.3684
26650,0.21,2.3648
26675,0.21,2.3648
26700,0.21,2.3648
26725,0.21,2.3657
26750,0.21,2.3657
26775,0.21,2.3648
26800,0.21,2.3612
26825,0.21,2.3603
26850,0.21,2.3612
26875,0.21,2.3621
26900,0.21,2.3621
26925,0.21,2.3621
26950,0.21,2.363
26975,0.21,2.3639
27000,0.21,2.3639
27025,0.21,2.363
27050,0.21,2.3657
27075,0.21,2.3666
27100,0.21,2.3675
27125,0.21,2.3684
27150,0.21,2.3693
27175,0.21,2.3693
27200,0.21,2.3684
27225,0.21,2.3675
27250,0.21,2.3666
27275,0.21,2.3657
27300,0.21,2.3657
27325,0.21,2.3657
27350,0.21,2.3639
27375,0.21,2.3639
27400,0.21,2.3639
27425,0.21,2.3648
27450,0.21,2.3657
27475,0.21,2.3657
27500,0.21,2.3657
27525,0.21,2.3657
27550,0.21,2.3648
27575,0.21,2.3657
27600,0.21,2.3666
27625,0.21,2.3684
27650,0.21,2.3702
27675,0.21,2.3711
27700,0.21,2.3729
27725,0.21,2.3738
27750,0.21,2.3747
27775,0.21,2.3747
27800,0.21,2.3756
27825,0.21,2.3747
27850,0.21,2.3738
27875,0.21,2.3747
27900,0.21,2.3693
27925,0.21,2.3675
27950,0.21,2.3684
27975,0.21,2.3684
28000,0.21,2.3675
28025,0.21,2.3675
28050,0.21,2.3657
28075,0.21,2.3657
28100,0.21,2.3648
28125,0.21,2.3648
28150,0.21,2.3657
28175,0.21,2.3648
28200,0.21,2.3639
28225,0.21,2.3648
28250,0.21,2.3648
28275,0.21,2.363
28300,0.21,2.3684
28325,0.21,2.3693
28350,0.21,2.3648
28375,0.21,2.3639
28400,0.21,2.3648
28425,0.21,2.3648
28450,0.21,2.3648
28475,0.24,2.3675
28500,0.24,2.3747
28525,0.24,2.3874
28550,0.24,2.4037
28575,0.24,2.4246
28600,0.24,2.4465
28625,0.24,2.4731
28650,0.24,2.5006
28675,0.24,2.5284
28700,0.24,2.5571
28725,0.24,2.5869
28750,0.24,2.6225
28775,0.24,2.6554
28800,0.24,2.6876
28825,0.24,2.7199
28850,0.24,2.7542
28875,0.24,2.7859
28900,0.24,2.8119
28925,0.24,2.8331
28950,0.24,2.8506
28975,0.24,2.8642
29000,0.24,2.8788
29025,0.24,2.8856
29050,0.24,2.8934
29075,0.24,2.8817
29100,0.24,2.8885
29125,0.24,2.8924
29150,0.24,2.8973
29175,0.24,2.8993
29200,0.24,2.9032
29225,0.24,2.9051
29250,0.24,2.9081
29275,0.24,2.91
29300,0.24,2.9129
29325,0.24,2.9159
29350,0.24,2.9178
29375,0.24,2.9178
29400,0.24,2.9178
29425,0.24,2.9188
29450,0.24,2.9198
29475,0.24,2.9414
29500,0.24,2.9414
29525,0.24,2.9433
29550,0.24,2.9433
29575,0.24,2.9453
29600,0.24,2.9453
29625,0.24,2.9473
29650,0.24,2.9473
29675,0.24,2.9473
29700,0.24,2.9473
29725,0.24,2.9463
29750,0.24,2.9463
29775,0.24,2.9483
29800,0.24,2.9483
29825,0.24,2.9502
29850,0.24,2.9483
29875,0.24,2.9473
29900,0.24,2.9473
29925,0.24,2.9483
29950,0.24,2.9492
29975,0.24,2.9473
30000,0.24,2.9483
30025,0.24,2.9483
30050,0.24,2.9483
30075,0.24,2.9502
30100,0.24,2.9502
30125,0.24,2.9502
30150,0.24,2.9502
30175,0.24,2.9502
30200,0.24,2.9502
30225,0.24,2.9492
30250,0.24,2.9512
30275,0.24,2.9532
30300,0.24,2.9532
30325,0.24,2.9522
30350,0.24,2.9512
30375,0.24,2.9532
30400,0.24,2.9532
30425,0.24,2.9532
30450,0.24,2.9542
30475,0.24,2.9532
30500,0.24,2.9532
30525,0.24,2.9542
30550,0.24,2.9551
30575,0.24,2.9561
30600,0.24,2.9561
30625,0.24,2.9581
30650,0.24,2.9591
30675,0.24,2.9591
30700,0.24,2.9591
30725,0.24,2.9601
30750,0.24,2.9581
30775,0.24,2.9591
30800,0.24,2.9581
30825,0.24,2.9581
30850,0.24,2.9571
30875,0.24,2.9561
30900,0.24,2.9561
30925,0.24,2.9561
30950,0.24,2.9561
30975,0.24,2.9551
31000,0.24,2.9571
31025,0.24,2.9551
31050,0.24,2.9551
31075,0.24,2.9532
31100,0.24,2.9542
31125,0.24,2.9532
31150,0.24,2.9561
31175,0.24,2.9561
31200,0.24,2.9561
31225,0.24,2.9571
31250,0.24,2.9571
31275,0.24,2.9581
31300,0.24,2.9581
31325,0.24,2.9591
31350,0.24,2.9581
31375,0.24,2.9591
31400,0.24,2.9571
31425,0.24,2.9581
31450,0.24,2.9581
31475,0.24,2.9551
31500,0.24,2.9542
31525,0.24,2.9512
31550,0.24,2.9512
31575,0.24,2.9512
31600,0.24,2.9512
31625,0.24,2.9512
31650,0.24,2.9512
31675,0.24,2.9512
31700,0.24,2.9522
31725,0.24,2.9512
31750,0.24,2.9522
31775,0.24,2.9512
31800,0.24,2.9522
31825,0.24,2.9512
31850,0.24,2.9512
31875,0.24,2.9542
31900,0.24,2.9542
31925,0.24,2.9581
31950,0.24,2.9571
31975,0.24,2.9561
32000,0.24,2.9561
32025,0.24,2.9551
32050,0.24,2.9561
32075,0.24,2.9542
32100,0.24,2.9532
32125,0.24,2.9532
32150,0.24,2.9522
32175,0.24,2.9532
32200,0.24,2.9512
32225,0.24,2.9512
32250,0.24,2.9502
32275,0.24,2.9463
32300,0.24,2.9473
32325,0.24,2.9433
32350,0.24,2.9433
32375,0.24,2.9443
32400,0.24,2.9443
32425,0.24,2.9453
32450,0.24,2.9443
32475,0.27,2.9492
32500,0.27,2.9591
32525,0.27,2.9719
32550,0.27,2.9907
32575,0.27,3.0144
32600,0.27,3.0393
32625,0.27,3.0652
32650,0.27,3.0932
32675,0.27,3.1263
32700,0.27,3.1556
32725,0.27,3.192
32750,0.27,3.2266
32775,0.27,3.2562
32800,0.27,3.2921
32825,0.27,3.3261
32850,0.27,3.3613
32875,0.27,3.3935
32900,0.27,3.4206
32925,0.27,3.4436
32950,0.27,3.4614
32975,0.27,3.4719
33000,0.27,3.4845
33025,0.27,3.496
33050,0.27,3.5045
33075,0.27,3.5108
33100,0.27,3.5182
33125,0.27,3.5203
33150,0.27,3.5235
33175,0.27,3.5319
33200,0.27,3.5341
33225,0.27,3.5372
33250,0.27,3.5415
33275,0.27,3.5436
33300,0.27,3.5446
33325,0.27,3.5457
33350,0.27,3.5468
33375,0.27,3.5489
33400,0.27,3.5499
33425,0.27,3.5499
33450,0.27,3.551
33475,0.27,3.5531
33500,0.27,3.5531
33525,0.27,3.5552
33550,0.27,3.5542
33575,0.27,3.5531
33600,0.27,3.5542
33625,0.27,3.5542
33650,0.27,3.5531
33675,0.27,3.5521
33700,0.27,3.5531
33725,0.27,3.5563
33750,0.27,3.5574
33775,0.27,3.5574
33800,0.27,3.5574
33825,0.27,3.5584
33850,0.27,3.5584
33875,0.27,3.5584
33900,0.27,3.5584
33925,0.27,3.5595
33950,0.27,3.5605
33975,0.27,3.5605
34000,0.27,3.5605
34025,0.27,3.5605
34050,0.27,3.5616
34075,0.27,3.5616
34100,0.27,3.5616
34125,0.27,3.5584
34150,0.27,3.5595
34175,0.27,3.5627
34200,0.27,3.5627
34225,0.27,3.5627
34250,0.27,3.5659
34275,0.27,3.5669
34300,0.27,3.5722
34325,0.27,3.5701
34350,0.27,3.5712
34375,0.27,3.5722
34400,0.27,3.5712
34425,0.27,3.5722
34450,0.27,3.5712
34475,0.27,3.5722
34500,0.27,3.5722
34525,0.27,3.5722
34550,0.27,3.5722
34575,0.27,3.5669
34600,0.27,3.568
34625,0.27,3.5669
34650,0.27,3.5648
34675,0.27,3.5648
34700,0.27,3.5648
34725,0.27,3.5659
34750,0.27,3.5712
34775,0.27,3.5733
34800,0.27,3.5743
34825,0.27,3.5733
34850,0.27,3.5743
34875,0.27,3.5754
34900,0.27,3.5743
34925,0.27,3.5786
34950,0.27,3.5765
34975,0.27,3.5786
35000,0.27,3.5775
35025,0.27,3.5775
35050,0.27,3.5765
35075,0.27,3.5765
35100,0.27,3.5712
35125,0.27,3.5722
35150,0.27,3.5659
35175,0.27,3.5627
35200,0.27,3.5627
35225,0.27,3.5637
35250,0.27,3.5627
35275,0.27,3.5616
35300,0.27,3.5616
35325,0.27,3.5574
35350,0.27,3.5574
35375,0.27,3.5574
35400,0.27,3.5563
35425,0.27,3.5616
35450,0.27,3.5605
35475,0.27,3.5595
35500,0.27,3.5595
35525,0.27,3.5595
35550,0.27,3.5595
35575,0.27,3.5605
35600,0.27,3.5605
35625,0.27,3.5595
35650,0.27,3.5584
35675,0.27,3.5584
35700,0.27,3.5563
35725,0.27,3.5563
35750,0.27,3.5563
35775,0.27,3.5563
35800,0.27,3.5574
35825,0.27,3.5521
35850,0.27,3.5531
35875,0.27,3.5531
35900,0.27,3.5521
35925,0.27,3.5499
35950,0.27,3.551
35975,0.27,3.5499
36000,0.27,3.5489
36025,0.27,3.5499
36050,0.27,3.551
36075,0.27,3.5521
36100,0.27,3.5542
36125,0.27,3.5542
36150,0.27,3.5542
36175,0.27,3.5521
36200,0.27,3.5521
36225,0.27,3.5521
36250,0.27,3.5521
36275,0.27,3.5521
36300,0.27,3.5531
36325,0.27,3.5521
36350,0.27,3.551
36375,0.27,3.551
36400,0.27,3.551
36425,0.27,3.551
36450,0.27,3.551
36475,0.3,3.5542
36500,0.3,3.5648
36525,0.3,3.5829
36550,0.3,3.601
36575,0.3,3.6255
36600,0.3,3.6512
36625,0.3,3.6802
36650,0.3,3.7115
36675,0.3,3.7428
36700,0.3,3.7754
36725,0.3,3.8113
36750,0.3,3.8452
36775,0.3,3.8815
36800,0.3,3.9178
36825,0.3,3.9521
36850,0.3,3.991
36875,0.3,4.0255
36900,0.3,4.0535
36925,0.3,4.0748
36950,0.3,4.0961
36975,0.3,4.113
37000,0.3,4.1265
37025,0.3,4.1356
37050,0.3,4.1435
37075,0.3,4.1525
37100,0.3,4.1593
37125,0.3,4.1639
37150,0.3,4.1695
37175,0.3,4.1741
37200,0.3,4.1786
37225,0.3,4.1831
37250,0.3,4.1843
37275,0.3,4.1866
37300,0.3,4.1888
37325,0.3,4.1899
37350,0.3,4.1888
37375,0.3,4.1899
37400,0.3,4.1899
37425,0.3,4.1922
37450,0.3,4.1945
37475,0.3,4.1899
37500,0.3,4.1888
37525,0.3,4.1899
37550,0.3,4.1911
37575,0.3,4.1899
37600,0.3,4.1899
37625,0.3,4.1911
37650,0.3,4.1911
37675,0.3,4.1911
37700,0.3,4.1899
37725,0.3,4.1899
37750,0.3,4.1922
37775,0.3,4.1922
37800,0.3,4.1968
37825,0.3,4.1968
37850,0.3,4.1934
37875,0.3,4.1979
37900,0.3,4.2013
37925,0.3,4.2036
37950,0.3,4.2047
37975,0.3,4.207
38000,0.3,4.2059
38025,0.3,4.2059
38050,0.3,4.207
38075,0.3,4.207
38100,0.3,4.2081
38125,0.3,4.2059
38150,0.3,4.2059
38175,0.3,4.2059
38200,0.3,4.2024
38225,0.3,4.207
38250,0.3,4.2093
38275,0.3,4.2093
38300,0.3,4.2081
38325,0.3,4.207
38350,0.3,4.2059
38375,0.3,4.2059
38400,0.3,4.207
38425,0.3,4.2047
38450,0.3,4.2059
38475,0.3,4.207
38500,0.3,4.2081
38525,0.3,4.2104
38550,0.3,4.2104
38575,0.3,4.2104
38600,0.3,4.2104
38625,0.3,4.207
38650,0.3,4.207
38675,0.3,4.207
38700,0.3,4.207
38725,0.3,4.207
38750,0.3,4.207
38775,0.3,4.2059
38800,0.3,4.2059
38825,0.3,4.2081
38850,0.3,4.2081
38875,0.3,4.2081
38900,0.3,4.2081
38925,0.3,4.2081
38950,0.3,4.2093
38975,0.3,4.2104
39000,0.3,4.2104
39025,0.3,4.2093
39050,0.3,4.2104
39075,0.3,4.2104
39100,0.3,4.2115
39125,0.3,4.2127
39150,0.3,4.2127
39175,0.3,4.2127
39200,0.3,4.2127
39225,0.3,4.2138
39250,0.3,4.2127
39275,0.3,4.2115
39300,0.3,4.2115
39325,0.3,4.2127
39350,0.3,4.2127
39375,0.3,4.2115
39400,0.3,4.2127
39425,0.3,4.2138
39450,0.3,4.2127
39475,0.3,4.215
39500,0.3,4.2138
39525,0.3,4.2138
39550,0.3,4.2138
39575,0.3,4.215
39600,0.3,4.2127
39625,0.3,4.2081
39650,0.3,4.2104
39675,0.3,4.2115
39700,0.3,4.2104
39725,0.3,4.2093
39750,0.3,4.2093
39775,0.3,4.2093
39800,0.3,4.2081
39825,0.3,4.2047
39850,0.3,4.2047
39875,0.3,4.2036
39900,0.3,4.2024
39925,0.3,4.2013
39950,0.3,4.2024
39975,0.3,4.2024
40000,0.3,4.2047
40025,0.3,4.2081
40050,0.3,4.2059
40075,0.3,4.207
40100,0.3,4.207
40125,0.3,4.207
40150,0.3,4.207
40175,0.3,4.2081
40200,0.3,4.2093
40225,0.3,4.2115
40250,0.3,4.2127
40275,0.3,4.2115
40300,0.3,4.2138
40325,0.3,4.2138
40350,0.3,4.2138
40375,0.3,4.2127
40400,0.3,4.2138
40425,0.3,4.2138
40450,0.3,4.2138
40475,0.33,4.2161
40500,0.33,4.2264
40525,0.33,4.2423
40550,0.33,4.2618
40575,0.33,4.2858
40600,0.33,4.3122
40625,0.33,4.3433
40650,0.33,4.3733
40675,0.33,4.4058
40700,0.33,4.4395
40725,0.33,4.4768
40750,0.33,4.5142
40775,0.33,4.5589
40800,0.33,4.5966
40825,0.33,4.6369
40850,0.33,4.6761
40875,0.33,4.7119
40900,0.33,4.7418
40925,0.33,4.7669
40950,0.33,4.7862
40975,0.33,4.8018
41000,0.33,4.8151
41025,0.33,4.8247
41050,0.33,4.8344
41075,0.33,4.8428
41100,0.33,4.8489
41125,0.33,4.8537
41150,0.33,4.8549
41175,0.33,4.8489
41200,0.33,4.8525
41225,0.33,4.8573
41250,0.33,4.8622
41275,0.33,4.8646
41300,0.33,4.867
41325,0.33,4.8682
41350,0.33,4.8707
41375,0.33,4.8719
41400,0.33,4.8743
41425,0.33,4.8743
41450,0.33,4.8755
41475,0.33,4.8767
41500,0.33,4.8804
41525,0.33,4.8792
41550,0.33,4.8816
41575,0.33,4.8852
41600,0.33,4.8852
41625,0.33,4.8852
41650,0.33,4.8852
41675,0.33,4.8852
41700,0.33,4.8852
41725,0.33,4.884
41750,0.33,4.884
41775,0.33,4.884
41800,0.33,4.8852
41825,0.33,4.8864
41850,0.33,4.8864
41875,0.33,4.8864
41900,0.33,4.8828
41925,0.33,4.884
41950,0.33,4.884
41975,0.33,4.884
42000,0.33,4.884
42025,0.33,4.8804
42050,0.33,4.8779
42075,0.33,4.8779
42100,0.33,4.8779
42125,0.33,4.8792
42150,0.33,4.8792
42175,0.33,4.8804
42200,0.33,4.8779
42225,0.33,4.8792
42250,0.33,4.884
42275,0.33,4.8828
42300,0.33,4.884
42325,0.33,4.8828
42350,0.33,4.8828
42375,0.33,4.8828
42400,0.33,4.8816
42425,0.33,4.8828
42450,0.33,4.884
42475,0.33,4.884
42500,0.33,4.8852
42525,0.33,4.8852
42550,0.33,4.8852
42575,0.33,4.8828
42600,0.33,4.8828
42625,0.33,4.8804
42650,0.33,4.8743
42675,0.33,4.8755
42700,0.33,4.8755
42725,0.33,4.8767
42750,0.33,4.8767
42775,0.33,4.8755
42800,0.33,4.8767
42825,0.33,4.8816
42850,0.33,4.8816
42875,0.33,4.8816
42900,0.33,4.8804
42925,0.33,4.8816
42950,0.33,4.8816
42975,0.33,4.8816
43000,0.33,4.8816
43025,0.33,4.8816
43050,0.33,4.8852
43075,0.33,4.884
43100,0.33,4.8804
43125,0.33,4.8804
43150,0.33,4.8816
43175,0.33,4.8816
43200,0.33,4.8816
43225,0.33,4.8755
43250,0.33,4.8755
43275,0.33,4.8719
43300,0.33,4.8719
43325,0.33,4.8707
43350,0.33,4.8707
43375,0.33,4.8707
43400,0.33,4.8694
43425,0.33,4.8694
43450,0.33,4.867
43475,0.33,4.8707
43500,0.33,4.8731
43525,0.33,4.8731
43550,0.33,4.8755
43575,0.33,4.8767
43600,0.33,4.8755
43625,0.33,4.8767
43650,0.33,4.8755
43675,0.33,4.8779
43700,0.33,4.8779
43725,0.33,4.8804
43750,0.33,4.8804
43775,0.33,4.8792
43800,0.33,4.8792
43825,0.33,4.8804
43850,0.33,4.8804
43875,0.33,4.8779
43900,0.33,4.8816
43925,0.33,4.8816
43950,0.33,4.8816
43975,0.33,4.8816
44000,0.33,4.8828
44025,0.33,4.8876
44050,0.33,4.8876
44075,0.33,4.8876
44100,0.33,4.8876
44125,0.33,4.8852
44150,0.33,4.8852
44175,0.33,4.8864
44200,0.33,4.8888
44225,0.33,4.8888
44250,0.33,4.8913
44275,0.33,4.8913
44300,0.33,4.8913
44325,0.33,4.8913
44350,0.33,4.8876
44375,0.33,4.8876
44400,0.33,4.8876
44425,0.33,4.8828
44450,0.33,4.8852
44475,0.36,4.8888
44500,0.36,4.901
44525,0.36,4.9168
44550,0.36,4.9387
44575,0.36,4.9656
44600,0.36,4.9925
44625,0.36,5.0231
44650,0.36,5.0551
44675,0.36,5.0896
44700,0.36,5.1169
44725,0.36,5.154
44750,0.36,5.1914
44775,0.36,5.2313
44800,0.36,5.2714
44825,0.36,5.3116
44850,0.36,5.3532
44875,0.36,5.3912
44900,0.36,5.4191
44925,0.36,5.442
44950,0.36,5.4636
44975,0.36,5.4814
45000,0.36,5.4955
45025,0.36,5.507
45050,0.36,5.516
45075,0.36,5.5236
45100,0.36,5.5365
45125,0.36,5.5416
45150,0.36,5.5467
45175,0.36,5.5506
45200,0.36,5.5544
45225,0.36,5.557
45250,0.36,5.5583
45275,0.36,5.5621
45300,0.36,5.5647
45325,0.36,5.5686
45350,0.36,5.5673
45375,0.36,5.5686
45400,0.36,5.5698
45425,0.36,5.5711
45450,0.36,5.5711
45475,0.36,5.5737
45500,0.36,5.575
45525,0.36,5.5763
45550,0.36,5.5763
45575,0.36,5.5763
45600,0.36,5.5763
45625,0.36,5.5788
45650,0.36,5.5788
45675,0.36,5.5801
45700,0.36,5.5814
45725,0.36,5.5827
45750,0.36,5.5827
45775,0.36,5.5801
45800,0.36,5.5788
45825,0.36,5.5776
45850,0.36,5.5763
45875,0.36,5.5763
45900,0.36,5.5763
45925,0.36,5.575
45950,0.36,5.5763
45975,0.36,5.5763
46000,0.36,5.5763
46025,0.36,5.575
46050,0.36,5.5698
46075,0.36,5.5686
46100,0.36,5.5673
46125,0.36,5.5673
46150,0.36,5.5686
46175,0.36,5.575
46200,0.36,5.5737
46225,0.36,5.575
46250,0.36,5.5763
46275,0.36,5.5776
46300,0.36,5.5763
46325,0.36,5.5776
46350,0.36,5.5737
46375,0.36,5.5737
46400,0.36,5.5724
46425,0.36,5.5724
46450,0.36,5.5776
46475,0.36,5.5776
46500,0.36,5.5788
46525,0.36,5.5788
46550,0.36,5.5776
46575,0.36,5.5724
46600,0.36,5.575
46625,0.36,5.5737
46650,0.36,5.5737
46675,0.36,5.5711
46700,0.36,5.5724
46725,0.36,5.5711
46750,0.36,5.5737
46775,0.36,5.5737
46800,0.36,5.575
46825,0.36,5.575
46850,0.36,5.575
46875,0.36,5.575
46900,0.36,5.5724
46925,0.36,5.5711
46950,0.36,5.5686
46975,0.36,5.5686
47000,0.36,5.5647
47025,0.36,5.566
47050,0.36,5.566
47075,0.36,5.566
47100,0.36,5.566
47125,0.36,5.5673
47150,0.36,5.5686
47175,0.36,5.5673
47200,0.36,5.566
47225,0.36,5.566
47250,0.36,5.5647
47275,0.36,5.5647
47300,0.36,5.5673
47325,0.36,5.5686
47350,0.36,5.5724
47375,0.36,5.5724
47400,0.36,5.575
47425,0.36,5.5763
47450,0.36,5.575
47475,0.36,5.575
47500,0.36,5.5737
47525,0.36,5.5724
47550,0.36,5.5724
47575,0.36,5.5724
47600,0.36,5.5737
47625,0.36,5.5711
47650,0.36,5.5711
47675,0.36,5.5698
47700,0.36,5.5686
47725,0.36,5.5686
47750,0.36,5.5686
47775,0.36,5.5634
47800,0.36,5.566
47825,0.36,5.5647
47850,0.36,5.5647
47875,0.36,5.5634
47900,0.36,5.5647
47925,0.36,5.566
47950,0.36,5.5673
47975,0.36,5.5673
48000,0.36,5.5673
48025,0.36,5.5698
48050,0.36,5.5711
48075,0.36,5.5724
48100,0.36,5.575
48125,0.36,5.5763
48150,0.36,5.5763
48175,0.36,5.5814
48200,0.36,5.5788
48225,0.36,5.5776
48250,0.36,5.5788
48275,0.36,5.5801
48300,0.36,5.5814
48325,0.36,5.5827
48350,0.36,5.5814
48375,0.36,5.584
48400,0.36,5.584
48425,0.36,5.584
48450,0.36,5.5853
48475,0.39,5.5866
48500,0.39,5.5969
48525,0.39,5.6149
48550,0.39,5.6382
48575,0.39,5.6627
48600,0.39,5.6952
48625,0.39,5.729
48650,0.39,5.7629
48675,0.39,5.7982
48700,0.39,5.8336
48725,0.39,5.8704
48750,0.39,5.9073
48775,0.39,5.9483
48800,0.39,5.9907
48825,0.39,6.032
48850,0.39,6.0747
48875,0.39,6.1162
48900,0.39,6.1484
48925,0.39,6.1726
48950,0.39,6.1928
48975,0.39,6.2117
49000,0.39,6.2239
49025,0.39,6.2361
49050,0.39,6.2442
49075,0.39,6.2496
49100,0.39,6.2645
49125,0.39,6.2699
49150,0.39,6.2781
49175,0.39,6.2794
49200,0.39,6.2808
49225,0.39,6.2835
49250,0.39,6.2835
49275,0.39,6.2849
49300,0.39,6.2876
49325,0.39,6.2889
49350,0.39,6.2903
49375,0.39,6.2917
49400,0.39,6.2917
49425,0.39,6.2889
49450,0.39,6.293
49475,0.39,6.2971
49500,0.39,6.2903
49525,0.39,6.2903
49550,0.39,6.2889
49575,0.39,6.2889
49600,0.39,6.2917
49625,0.39,6.293
49650,0.39,6.293
49675,0.39,6.2944
49700,0.39,6.293
49725,0.39,6.293
49750,0.39,6.293
49775,0.39,6.2917
49800,0.39,6.293
49825,0.39,6.2957
49850,0.39,6.2985
49875,0.39,6.2985
49900,0.39,6.2985
49925,0.39,6.3012
49950,0.39,6.3025
49975,0.39,6.3039
50000,0.39,6.3012
50025,0.39,6.3012
50050,0.39,6.3025
50075,0.39,6.3025
50100,0.39,6.3025
50125,0.39,6.3025
50150,0.39,6.3025
50175,0.39,6.3039
50200,0.39,6.3039
50225,0.39,6.3039
50250,0.39,6.2985
50275,0.39,6.2985
50300,0.39,6.2971
50325,0.39,6.2957
50350,0.39,6.2957
50375,0.39,6.2957
50400,0.39,6.2985
50425,0.39,6.2985
50450,0.39,6.2985
50475,0.39,6.2985
50500,0.39,6.2985
50525,0.39,6.2998
50550,0.39,6.2998
50575,0.39,6.3012
50600,0.39,6.3012
50625,0.39,6.3012
50650,0.39,6.3012
50675,0.39,6.3012
50700,0.39,6.3039
50725,0.39,6.3025
50750,0.39,6.3025
50775,0.39,6.3025
50800,0.39,6.3012
50825,0.39,6.2998
50850,0.39,6.2998
50875,0.39,6.2998
50900,0.39,6.2985
50925,0.39,6.2957
50950,0.39,6.2957
50975,0.39,6.2944
51000,0.39,6.2944
51025,0.39,6.2944
51050,0.39,6.2944
51075,0.39,6.2944
51100,0.39,6.2917
51125,0.39,6.2917
51150,0.39,6.2917
51175,0.39,6.2917
51200,0.39,6.2903
51225,0.39,6.2917
51250,0.39,6.2917
51275,0.39,6.2889
51300,0.39,6.2903
51325,0.39,6.2917
51350,0.39,6.2903
51375,0.39,6.2903
51400,0.39,6.2903
51425,0.39,6.2917
51450,0.39,6.293
51475,0.39,6.2917
51500,0.39,6.293
51525,0.39,6.293
51550,0.39,6.293
51575,0.39,6.2917
51600,0.39,6.2917
51625,0.39,6.2903
51650,0.39,6.2889
51675,0.39,6.2903
51700,0.39,6.2889
51725,0.39,6.2903
51750,0.39,6.2917
51775,0.39,6.2903
51800,0.39,6.2903
51825,0.39,6.2889
51850,0.39,6.2849
51875,0.39,6.2862
51900,0.39,6.2849
51925,0.39,6.2862
51950,0.39,6.2849
51975,0.39,6.2849
52000,0.39,6.2862
52025,0.39,6.2862
52050,0.39,6.2862
52075,0.39,6.2862
52100,0.39,6.2876
52125,0.39,6.2862
52150,0.39,6.2849
52175,0.39,6.2862
52200,0.39,6.2862
52225,0.39,6.2849
52250,0.39,6.2889
52275,0.39,6.2876
52300,0.39,6.2876
52325,0.39,6.2889
52350,0.39,6.2889
52375,0.39,6.2889
52400,0.39,6.2876
52425,0.39,6.293
52450,0.39,6.293
52475,0.42,6.2985
52500,0.42,6.3093
52525,0.42,6.327
52550,0.42,6.3488
52575,0.42,6.3734
52600,0.42,6.4035
52625,0.42,6.4378
52650,0.42,6.4722
52675,0.42,6.5094
52700,0.42,6.5509
52725,0.42,6.5883
52750,0.42,6.63
52775,0.42,6.6732
52800,0.42,6.718
52825,0.42,6.7558
52850,0.42,6.8022
52875,0.42,6.8417
52900,0.42,6.8742
52925,0.42,6.9012
52950,0.42,6.9253
52975,0.42,6.9438
53000,0.42,6.9566
53025,0.42,6.9665
53050,0.42,6.9765
53075,0.42,6.9851
53100,0.42,6.9908
53125,0.42,6.9979
53150,0.42,7.0036
53175,0.42,7.0065
53200,0.42,7.0094
53225,0.42,7.0108
53250,0.42,7.0108
53275,0.42,7.0122
53300,0.42,7.0151
53325,0.42,7.0151
53350,0.42,7.0136
53375,0.42,7.0165
53400,0.42,7.0194
53425,0.42,7.0279
53450,0.42,7.0279
53475,0.42,7.0279
53500,0.42,7.0279
53525,0.42,7.0265
53550,0.42,7.0251
53575,0.42,7.0251
53600,0.42,7.0251
53625,0.42,7.0279
53650,0.42,7.0279
53675,0.42,7.0279
53700,0.42,7.0265
53725,0.42,7.0279
53750,0.42,7.0294
53775,0.42,7.0279
53800,0.42,7.0336
53825,0.42,7.0265
53850,0.42,7.0279
53875,0.42,7.0294
53900,0.42,7.0294
53925,0.42,7.0294
53950,0.42,7.0279
53975,0.42,7.0294
54000,0.42,7.0279
54025,0.42,7.0251
54050,0.42,7.0251
54075,0.42,7.0265
54100,0.42,7.0265
54125,0.42,7.0251
54150,0.42,7.0265
54175,0.42,7.0265
54200,0.42,7.0194
54225,0.42,7.0194
54250,0.42,7.0179
54275,0.42,7.0122
54300,0.42,7.0108
54325,0.42,7.0122
54350,0.42,7.0136
54375,0.42,7.0122
54400,0.42,7.0122
54425,0.42,7.0136
54450,0.42,7.0136
54475,0.42,7.0122
54500,0.42,7.0122
54525,0.42,7.0122
54550,0.42,7.0108
54575,0.42,7.0122
54600,0.42,7.0122
54625,0.42,7.0122
54650,0.42,7.0108
54675,0.42,7.0151
54700,0.42,7.0165
54725,0.42,7.0165
54750,0.42,7.0165
54775,0.42,7.0194
54800,0.42,7.0165
54825,0.42,7.0179
54850,0.42,7.0179
54875,0.42,7.0179
54900,0.42,7.0194
54925,0.42,7.0208
54950,0.42,7.0222
54975,0.42,7.0222
55000,0.42,7.0222
55025,0.42,7.0236
55050,0.42,7.0251
55075,0.42,7.0265
55100,0.42,7.0251
55125,0.42,7.0251
55150,0.42,7.0265
55175,0.42,7.0236
55200,0.42,7.0279
55225,0.42,7.0294
55250,0.42,7.0308
55275,0.42,7.0322
55300,0.42,7.0308
55325,0.42,7.0294
55350,0.42,7.0294
55375,0.42,7.0279
55400,0.42,7.0294
55425,0.42,7.0265
55450,0.42,7.0279
55475,0.42,7.0265
55500,0.42,7.0279
55525,0.42,7.0279
55550,0.42,7.0294
55575,0.42,7.0308
55600,0.42,7.0294
55625,0.42,7.0279
55650,0.42,7.0265
55675,0.42,7.0265
55700,0.42,7.0279
55725,0.42,7.0265
55750,0.42,7.0265
55775,0.42,7.0279
55800,0.42,7.0279
55825,0.42,7.0308
55850,0.42,7.0308
55875,0.42,7.0308
55900,0.42,7.0308
55925,0.42,7.0308
55950,0.42,7.0294
55975,0.42,7.0308
56000,0.42,7.0308
56025,0.42,7.0308
56050,0.42,7.0322
56075,0.42,7.0336
56100,0.42,7.0294
56125,0.42,7.0322
56150,0.42,7.0322
56175,0.42,7.0308
56200,0.42,7.0308
56225,0.42,7.0308
56250,0.42,7.0308
56275,0.42,7.0308
56300,0.42,7.0308
56325,0.42,7.0308
56350,0.42,7.0308
56375,0.42,7.0294
56400,0.42,7.0308
56425,0.42,7.0308
56450,0.42,7.0308
56475,0.45,7.0351
56500,0.45,7.0508
56525,0.45,7.0666
56550,0.45,7.0824
56575,0.45,7.1011
56600,0.45,7.1198
56625,0.45,7.1428
56650,0.45,7.1659
56675,0.45,7.1948
56700,0.45,7.2237
56725,0.45,7.2542
56750,0.45,7.2804
56775,0.45,7.3109
56800,0.45,7.3401
56825,0.45,7.3708
56850,0.45,7.403
56875,0.45,7.428
56900,0.45,7.4485
56925,0.45,7.4662
56950,0.45,7.4794
56975,0.45,7.4957
57000,0.45,7.5104
57025,0.45,7.5193
57050,0.45,7.5311
57075,0.45,7.537
57100,0.45,7.5429
57125,0.45,7.5474
57150,0.45,7.5562
57175,0.45,7.5607
57200,0.45,7.5666
57225,0.45,7.571
57250,0.45,7.574
57275,0.45,7.577
57300,0.45,7.5755
57325,0.45,7.5755
57350,0.45,7.5785
57375,0.45,7.5799
57400,0.45,7.5799
57425,0.45,7.5814
57450,0.45,7.5799
57475,0.45,7.5799
57500,0.45,7.5799
57525,0.45,7.5785
57550,0.45,7.577
57575,0.45,7.5755
57600,0.45,7.574
57625,0.45,7.5725
57650,0.45,7.577
57675,0.45,7.577
57700,0.45,7.5814
57725,0.45,7.5785
57750,0.45,7.5799
57775,0.45,7.5785
57800,0.45,7.5785
57825,0.45,7.5755
57850,0.45,7.577
57875,0.45,7.574
57900,0.45,7.574
57925,0.45,7.574
57950,0.45,7.574
57975,0.45,7.574
58000,0.45,7.574
58025,0.45,7.5755
58050,0.45,7.5696
58075,0.45,7.5696
58100,0.45,7.5696
58125,0.45,7.574
58150,0.45,7.577
58175,0.45,7.5785
58200,0.45,7.577
58225,0.45,7.5799
58250,0.45,7.5785
58275,0.45,7.5814
58300,0.45,7.5814
58325,0.45,7.5829
58350,0.45,7.5829
58375,0.45,7.5844
58400,0.45,7.5859
58425,0.45,7.5844
58450,0.45,7.5859
58475,0.45,7.5874
58500,0.45,7.5874
58525,0.45,7.5874
58550,0.45,7.5859
58575,0.45,7.5859
58600,0.45,7.5874
58625,0.45,7.5859
58650,0.45,7.5888
58675,0.45,7.5903
58700,0.45,7.5903
58725,0.45,7.5903
58750,0.45,7.5918
58775,0.45,7.5918
58800,0.45,7.5918
58825,0.45,7.5933
58850,0.45,7.5933
58875,0.45,7.5918
58900,0.45,7.5918
58925,0.45,7.5918
58950,0.45,7.5933
58975,0.45,7.5948
59000,0.45,7.5874
59025,0.45,7.5903
59050,0.45,7.5888
59075,0.45,7.5888
59100,0.45,7.5888
59125,0.45,7.5874
59150,0.45,7.5874
59175,0.45,7.5888
59200,0.45,7.5888
59225,0.45,7.5888
59250,0.45,7.5948
59275,0.45,7.6081
59300,0.45,7.6081
59325,0.45,7.6081
59350,0.45,7.6096
59375,0.45,7.6081
59400,0.45,7.617
59425,0.45,7.6185
59450,0.45,7.62
59475,0.45,7.62
59500,0.45,7.6215
59525,0.45,7.623
59550,0.45,7.6245
59575,0.45,7.6245
59600,0.45,7.623
59625,0.45,7.6245
59650,0.45,7.62
59675,0.45,7.6081
59700,0.45,7.6096
59725,0.45,7.6081
59750,0.45,7.6067
59775,0.45,7.6081
59800,0.45,7.6096
59825,0.45,7.6096
59850,0.45,7.6096
59875,0.45,7.6111
59900,0.45,7.6111
59925,0.45,7.6111
59950,0.45,7.6111
59975,0.45,7.6096
60000,0.45,7.6126
60025,0.45,7.6141
60050,0.45,7.6141
60075,0.45,7.6185
60100,0.45,7.62
60125,0.45,7.623
60150,0.45,7.6245
60175,0.45,7.623
60200,0.45,7.6245
60225,0.45,7.626
60250,0.45,7.6275
60275,0.45,7.6275
60300,0.45,7.6275
60325,0.45,7.6289
60350,0.45,7.6304
60375,0.45,7.6319
60400,0.45,7.6319
60425,0.45,7.6319
60450,0.45,7.6334
60475,0.48,7.6379
60500,0.48,7.6498
60525,0.48,7.6706
60550,0.48,7.6945
60575,0.48,7.7259
60600,0.48,7.7574
60625,0.48,7.7949
60650,0.48,7.834
60675,0.48,7.8747
60700,0.48,7.9186
60725,0.48,7.9626
60750,0.48,8.0067
60775,0.48,8.0524
60800,0.48,8.0998
60825,0.48,8.1458
60850,0.48,8.1919
60875,0.48,8.2335
60900,0.48,8.2675
60925,0.48,8.2938
60950,0.48,8.3155
60975,0.48,8.3341
61000,0.48,8.3465
61025,0.48,8.3559
61050,0.48,8.3636
61075,0.48,8.3667
61100,0.48,8.3698
61125,0.48,8.3745
61150,0.48,8.3761
61175,0.48,8.3807
61200,0.48,8.3807
61225,0.48,8.3823
61250,0.48,8.3839
61275,0.48,8.3839
61300,0.48,8.387
61325,0.48,8.3885
61350,0.48,8.3901
61375,0.48,8.3932
61400,0.48,8.3963
61425,0.48,8.3963
61450,0.48,8.3963
61475,0.48,8.401
61500,0.48,8.4025
61525,0.48,8.4025
61550,0.48,8.4041
61575,0.48,8.4025
61600,0.48,8.4025
61625,0.48,8.401
61650,0.48,8.4025
61675,0.48,8.4025
61700,0.48,8.401
61725,0.48,8.401
61750,0.48,8.4025
61775,0.48,8.3994
61800,0.48,8.401
61825,0.48,8.4025
61850,0.48,8.4025
61875,0.48,8.4041
61900,0.48,8.4057
61925,0.48,8.4072
61950,0.48,8.4072
61975,0.48,8.4088
62000,0.48,8.4119
62025,0.48,8.4135
62050,0.48,8.4119
62075,0.48,8.4119
62100,0.48,8.4119
62125,0.48,8.4119
62150,0.48,8.4103
62175,0.48,8.4119
62200,0.48,8.4088
62225,0.48,8.4072
62250,0.48,8.4072
62275,0.48,8.4057
62300,0.48,8.4041
62325,0.48,8.4025
62350,0.48,8.4025
62375,0.48,8.401
62400,0.48,8.3994
62425,0.48,8.401
62450,0.48,8.4025
62475,0.48,8.4025
62500,0.48,8.401
62525,0.48,8.4025
62550,0.48,8.4041
62575,0.48,8.4025
62600,0.48,8.4041
62625,0.48,8.4025
62650,0.48,8.4025
62675,0.48,8.4025
62700,0.48,8.4041
62725,0.48,8.4041
62750,0.48,8.4041
62775,0.48,8.4057
62800,0.48,8.4057
62825,0.48,8.4041
62850,0.48,8.4025
62875,0.48,8.4025
62900,0.48,8.4041
62925,0.48,8.3963
62950,0.48,8.3948
62975,0.48,8.3948
63000,0.48,8.3963
63025,0.48,8.3979
63050,0.48,8.3994
63075,0.48,8.3994
63100,0.48,8.3979
63125,0.48,8.3963
63150,0.48,8.3979
63175,0.48,8.3979
63200,0.48,8.3948
63225,0.48,8.3932
63250,0.48,8.3932
63275,0.48,8.3885
63300,0.48,8.3885
63325,0.48,8.3948
63350,0.48,8.3963
63375,0.48,8.3963
63400,0.48,8.3948
63425,0.48,8.3916
63450,0.48,8.3901
63475,0.48,8.3901
63500,0.48,8.3885
63525,0.48,8.3885
63550,0.48,8.3885
63575,0.48,8.3839
63600,0.48,8.3885
63625,0.48,8.3901
63650,0.48,8.3916
63675,0.48,8.3963
63700,0.48,8.3948
63725,0.48,8.3948
63750,0.48,8.3916
63775,0.48,8.3916
63800,0.48,8.3932
63825,0.48,8.3963
63850,0.48,8.3963
63875,0.48,8.3979
63900,0.48,8.3994
63925,0.48,8.401
63950,0.48,8.3916
63975,0.48,8.3963
64000,0.48,8.3948
64025,0.48,8.3948
64050,0.48,8.3948
64075,0.48,8.3963
64100,0.48,8.3979
64125,0.48,8.3979
64150,0.48,8.401
64175,0.48,8.4025
64200,0.48,8.401
64225,0.48,8.401
64250,0.48,8.401
64275,0.48,8.3994
64300,0.48,8.401
64325,0.48,8.4072
64350,0.48,8.415
64375,0.48,8.415
64400,0.48,8.4181
64425,0.48,8.4197
64450,0.48,8.4181
64475,0.51,8.4213
64500,0.51,8.4353
64525,0.51,8.4556
64550,0.51,8.4807
64575,0.51,8.5073
64600,0.51,8.5434
64625,0.51,8.5811
64650,0.51,8.6174
64675,0.51,8.6601
64700,0.51,8.7028
64725,0.51,8.7425
64750,0.51,8.7887
64775,0.51,8.8365
64800,0.51,8.8813
64825,0.51,8.9278
64850,0.51,8.9777
64875,0.51,9.0212
64900,0.51,9.0552
64925,0.51,9.0827
64950,0.51,9.1037
64975,0.51,9.1249
65000,0.51,9.1362
65025,0.51,9.146
65050,0.51,9.159
65075,0.51,9.1655
65100,0.51,9.1687
65125,0.51,9.172
65150,0.51,9.1769
65175,0.51,9.1785
65200,0.51,9.1785
65225,0.51,9.1801
65250,0.51,9.1801
65275,0.51,9.1932
65300,0.51,9.1948
65325,0.51,9.1948
65350,0.51,9.1964
65375,0.51,9.1948
65400,0.51,9.1964
65425,0.51,9.1997
65450,0.51,9.1997
65475,0.51,9.1948
65500,0.51,9.1964
65525,0.51,9.1981
65550,0.51,9.1981
65575,0.51,9.1964
65600,0.51,9.1964
65625,0.51,9.1964
65650,0.51,9.1981
65675,0.51,9.1948
65700,0.51,9.1948
65725,0.51,9.1948
65750,0.51,9.1932
65775,0.51,9.1948
65800,0.51,9.1915
65825,0.51,9.1867
65850,0.51,9.1867
65875,0.51,9.1915
65900,0.51,9.185
65925,0.51,9.185
65950,0.51,9.1834
65975,0.51,9.1834
66000,0.51,9.1834
66025,0.51,9.1899
66050,0.51,9.1883
66075,0.51,9.1769
66100,0.51,9.1769
66125,0.51,9.1785
66150,0.51,9.1801
66175,0.51,9.1785
66200,0.51,9.1818
66225,0.51,9.185
66250,0.51,9.1899
66275,0.51,9.1899
66300,0.51,9.1964
66325,0.51,9.1964
66350,0.51,9.1932
66375,0.51,9.1915
66400,0.51,9.1915
66425,0.51,9.1801
66450,0.51,9.1801
66475,0.51,9.1818
66500,0.51,9.1818
66525,0.51,9.1801
66550,0.51,9.1785
66575,0.51,9.1785
66600,0.51,9.1785
66625,0.51,9.1785
66650,0.51,9.172
66675,0.51,9.1687
66700,0.51,9.1671
66725,0.51,9.1639
66750,0.51,9.1671
66775,0.51,9.1687
66800,0.51,9.1704
66825,0.51,9.1753
66850,0.51,9.1753
66875,0.51,9.1753
66900,0.51,9.1736
66925,0.51,9.1753
66950,0.51,9.1753
66975,0.51,9.1753
67000,0.51,9.1736
67025,0.51,9.172
67050,0.51,9.1736
67075,0.51,9.1753
67100,0.51,9.1769
67125,0.51,9.1769
67150,0.51,9.1818
67175,0.51,9.1769
67200,0.51,9.1753
67225,0.51,9.1736
67250,0.51,9.172
67275,0.51,9.172
67300,0.51,9.1736
67325,0.51,9.172
67350,0.51,9.1704
67375,0.51,9.1704
67400,0.51,9.172
67425,0.51,9.1736
67450,0.51,9.1704
67475,0.51,9.1704
67500,0.51,9.1687
67525,0.51,9.1687
67550,0.51,9.1573
67575,0.51,9.1606
67600,0.51,9.1622
67625,0.51,9.1622
67650,0.51,9.1622
67675,0.51,9.1655
67700,0.51,9.1622
67725,0.51,9.1622
67750,0.51,9.1606
67775,0.51,9.1606
67800,0.51,9.159
67825,0.51,9.1573
67850,0.51,9.159
67875,0.51,9.1573
67900,0.51,9.1573
67925,0.51,9.1525
67950,0.51,9.1573
67975,0.51,9.1573
68000,0.51,9.1557
68025,0.51,9.1541
68050,0.51,9.1541
68075,0.51,9.1508
68100,0.51,9.1541
68125,0.51,9.1541
68150,0.51,9.1573
68175,0.51,9.1525
68200,0.51,9.1541
68225,0.51,9.1525
68250,0.51,9.1525
68275,0.51,9.1541
68300,0.51,9.1557
68325,0.51,9.1622
68350,0.51,9.1606
68375,0.51,9.1606
68400,0.51,9.1606
68425,0.51,9.1622
68450,0.51,9.1622
68475,0.54,9.1671
68500,0.54,9.1785
68525,0.54,9.1997
68550,0.54,9.2258
68575,0.54,9.265
68600,0.54,9.3059
68625,0.54,9.3453
68650,0.54,9.3848
68675,0.54,9.4343
68700,0.54,9.474
68725,0.54,9.5137
68750,0.54,9.5602
68775,0.54,9.6051
68800,0.54,9.6518
68825,0.54,9.6986
68850,0.54,9.7473
68875,0.54,9.7876
68900,0.54,9.8263
68925,0.54,9.8533
68950,0.54,9.8752
68975,0.54,9.8888
69000,0.54,9.8955
69025,0.54,9.9057
69050,0.54,9.9158
69075,0.54,9.9141
69100,0.54,9.9209
69125,0.54,9.9277
69150,0.54,9.9345
69175,0.54,9.9396
69200,0.54,9.9429
69225,0.54,9.948
69250,0.54,9.9497
69275,0.54,9.9531
69300,0.54,9.9514
69325,0.54,9.9531
69350,0.54,9.9565
69375,0.54,9.9565
69400,0.54,9.9582
69425,0.54,9.9599
69450,0.54,9.9582
69475,0.54,9.9599
69500,0.54,9.9616
69525,0.54,9.965
69550,0.54,9.9633
69575,0.54,9.9633
69600,0.54,9.9633
69625,0.54,9.9616
69650,0.54,9.9616
69675,0.54,9.9616
69700,0.54,9.9599
69725,0.54,9.9633
69750,0.54,9.9531
69775,0.54,9.9548
69800,0.54,9.9531
69825,0.54,9.9531
69850,0.54,9.9531
69875,0.54,9.9514
69900,0.54,9.9514
69925,0.54,9.9429
69950,0.54,9.9413
69975,0.54,9.9413
70000,0.54,9.9413
70025,0.54,9.9396
70050,0.54,9.9396
70075,0.54,9.9396
70100,0.54,9.9413
70125,0.54,9.9379
70150,0.54,9.9446
70175,0.54,9.948
70200,0.54,9.9463
70225,0.54,9.9446
70250,0.54,9.948
70275,0.54,9.9497
70300,0.54,9.9497
70325,0.54,9.9565
70350,0.54,9.9565
70375,0.54,9.9548
70400,0.54,9.9548
70425,0.54,9.9548
70450,0.54,9.9548
70475,0.54,9.9565
70500,0.54,9.9565
70525,0.54,9.9548
70550,0.54,9.9565
70575,0.54,9.9514
70600,0.54,9.9531
70625,0.54,9.9548
70650,0.54,9.9531
70675,0.54,9.9531
70700,0.54,9.9548
70725,0.54,9.9531
70750,0.54,9.9531
70775,0.54,9.9548
70800,0.54,9.9548
70825,0.54,9.9565
70850,0.54,9.9548
70875,0.54,9.9548
70900,0.54,9.9548
70925,0.54,9.9548
70950,0.54,9.9531
70975,0.54,9.9548
71000,0.54,9.9548
71025,0.54,9.9548
71050,0.54,9.9531
71075,0.54,9.9531
71100,0.54,9.9514
71125,0.54,9.9514
71150,0.54,9.9548
71175,0.54,9.9548
71200,0.54,9.9548
71225,0.54,9.9582
71250,0.54,9.9582
71275,0.54,9.9531
71300,0.54,9.9497
71325,0.54,9.9514
71350,0.54,9.9531
71375,0.54,9.9514
71400,0.54,9.948
71425,0.54,9.948
71450,0.54,9.948
71475,0.54,9.9463
71500,0.54,9.9446
71525,0.54,9.9463
71550,0.54,9.9429
71575,0.54,9.9413
71600,0.54,9.9396
71625,0.54,9.9294
71650,0.54,9.9294
71675,0.54,9.9294
71700,0.54,9.9328
71725,0.54,9.9311
71750,0.54,9.9294
71775,0.54,9.9311
71800,0.54,9.9345
71825,0.54,9.9345
71850,0.54,9.9362
71875,0.54,9.9362
71900,0.54,9.9379
71925,0.54,9.9362
71950,0.54,9.9379
71975,0.54,9.9379
72000,0.54,9.9396
72025,0.54,9.9463
72050,0.54,9.948
72075,0.54,9.9531
72100,0.54,9.9514
72125,0.54,9.9548
72150,0.54,9.9514
72175,0.54,9.9497
72200,0.54,9.9429
72225,0.54,9.9429
72250,0.54,9.9429
72275,0.54,9.9429
72300,0.54,9.9429
72325,0.54,9.9379
72350,0.54,9.9362
72375,0.54,9.9379
72400,0.54,9.9362
72425,0.54,9.9345
72450,0.54,9.9328
72475,0.57,9.9379
72500,0.57,9.948
72525,0.57,9.9667
72550,0.57,9.9973
72575,0.57,10.028
72600,0.57,10.069
72625,0.57,10.108
72650,0.57,10.149
72675,0.57,10.192
72700,0.57,10.232
72725,0.57,10.285
72750,0.57,10.332
72775,0.57,10.378
72800,0.57,10.427
72825,0.57,10.477
72850,0.57,10.528
72875,0.57,10.572
72900,0.57,10.61
72925,0.57,10.638
72950,0.57,10.661
72975,0.57,10.681
73000,0.57,10.696
73025,0.57,10.707
73050,0.57,10.714
73075,0.57,10.723
73100,0.57,10.733
73125,0.57,10.735
73150,0.57,10.74
73175,0.57,10.742
73200,0.57,10.744
73225,0.57,10.744
73250,0.57,10.746
73275,0.57,10.748
73300,0.57,10.749
73325,0.57,10.749
73350,0.57,10.749
73375,0.57,10.749
73400,0.57,10.749
73425,0.57,10.749
73450,0.57,10.749
73475,0.57,10.753
73500,0.57,10.753
73525,0.57,10.756
73550,0.57,10.755
73575,0.57,10.756
73600,0.57,10.753
73625,0.57,10.755
73650,0.57,10.753
73675,0.57,10.751
73700,0.57,10.751
73725,0.57,10.753
73750,0.57,10.755
73775,0.57,10.756
73800,0.57,10.756
73825,0.57,10.76
73850,0.57,10.763
73875,0.57,10.76
73900,0.57,10.76
73925,0.57,10.758
73950,0.57,10.76
73975,0.57,10.76
74000,0.57,10.769
74025,0.57,10.772
74050,0.57,10.774
74075,0.57,10.776
74100,0.57,10.777
74125,0.57,10.777
74150,0.57,10.776
74175,0.57,10.774
74200,0.57,10.772
74225,0.57,10.767
74250,0.57,10.763
74275,0.57,10.763
74300,0.57,10.763
74325,0.57,10.763
74350,0.57,10.76
74375,0.57,10.758
74400,0.57,10.755
74425,0.57,10.742
74450,0.57,10.74
74475,0.57,10.739
74500,0.57,10.737
74525,0.57,10.735
74550,0.57,10.735
74575,0.57,10.735
74600,0.57,10.737
74625,0.57,10.739
74650,0.57,10.746
74675,0.57,10.746
74700,0.57,10.742
74725,0.57,10.742
74750,0.57,10.746
74775,0.57,10.748
74800,0.57,10.748
74825,0.57,10.76
74850,0.57,10.765
74875,0.57,10.767
74900,0.57,10.769
74925,0.57,10.769
74950,0.57,10.769
74975,0.57,10.769
75000,0.57,10.765
75025,0.57,10.765
75050,0.57,10.76
75075,0.57,10.765
75100,0.57,10.769
75125,0.57,10.767
75150,0.57,10.765
75175,0.57,10.765
75200,0.57,10.76
75225,0.57,10.756
75250,0.57,10.753
75275,0.57,10.749
75300,0.57,10.756
75325,0.57,10.758
75350,0.57,10.76
75375,0.57,10.762
75400,0.57,10.765
75425,0.57,10.765
75450,0.57,10.765
75475,0.57,10.76
75500,0.57,10.758
75525,0.57,10.758
75550,0.57,10.763
75575,0.57,10.762
75600,0.57,10.767
75625,0.57,10.765
75650,0.57,10.763
75675,0.57,10.769
75700,0.57,10.762
75725,0.57,10.762
75750,0.57,10.76
75775,0.57,10.756
75800,0.57,10.756
75825,0.57,10.756
75850,0.57,10.755
75875,0.57,10.751
75900,0.57,10.751
75925,0.57,10.753
75950,0.57,10.746
75975,0.57,10.744
76000,0.57,10.74
76025,0.57,10.74
76050,0.57,10.739
76075,0.57,10.732
76100,0.57,10.728
76125,0.57,10.725
76150,0.57,10.723
76175,0.57,10.723
76200,0.57,10.719
76225,0.57,10.714
76250,0.57,10.712
76275,0.57,10.712
76300,0.57,10.71
76325,0.57,10.707
76350,0.57,10.707
76375,0.57,10.707
76400,0.57,10.707
76425,0.57,10.705
76450,0.57,10.705
76475,0.6,10.71
76500,0.6,10.725
76525,0.6,10.746
76550,0.6,10.774
76575,0.6,10.806
76600,0.6,10.843
76625,0.6,10.884
76650,0.6,10.923
76675,0.6,10.967
76700,0.6,11.012
76725,0.6,11.059
76750,0.6,11.105
76775,0.6,11.15
76800,0.6,11.197
76825,0.6,11.246
76850,0.6,11.293
76875,0.6,11.336
76900,0.6,11.374
76925,0.6,11.404
76950,0.6,11.425
76975,0.6,11.438
77000,0.6,11.455
77025,0.6,11.466
77050,0.6,11.477
77075,0.6,11.482
77100,0.6,11.488
77125,0.6,11.491
77150,0.6,11.495
77175,0.6,11.502
77200,0.6,11.508
77225,0.6,11.509
77250,0.6,11.513
77275,0.6,11.517
77300,0.6,11.535
77325,0.6,11.537
77350,0.6,11.539
77375,0.6,11.548
77400,0.6,11.546
77425,0.6,11.546
77450,0.6,11.544
77475,0.6,11.539
77500,0.6,11.539
77525,0.6,11.541
77550,0.6,11.541
77575,0.6,11.539
77600,0.6,11.539
77625,0.6,11.539
77650,0.6,11.537
77675,0.6,11.537
77700,0.6,11.519
77725,0.6,11.519
77750,0.6,11.517
77775,0.6,11.517
77800,0.6,11.517
77825,0.6,11.519
77850,0.6,11.521
77875,0.6,11.526
77900,0.6,11.526
77925,0.6,11.521
77950,0.6,11.521
77975,0.6,11.521
78000,0.6,11.521
78025,0.6,11.522
78050,0.6,11.524
78075,0.6,11.526
78100,0.6,11.526
78125,0.6,11.521
78150,0.6,11.522
78175,0.6,11.521
78200,0.6,11.519
78225,0.6,11.519
78250,0.6,11.519
78275,0.6,11.519
78300,0.6,11.521
78325,0.6,11.53
78350,0.6,11.531
78375,0.6,11.531
78400,0.6,11.53
78425,0.6,11.53
78450,0.6,11.531
78475,0.6,11.531
78500,0.6,11.53
78525,0.6,11.535
78550,0.6,11.533
78575,0.6,11.533
78600,0.6,11.535
78625,0.6,11.533
78650,0.6,11.533
78675,0.6,11.535
78700,0.6,11.533
78725,0.6,11.526
78750,0.6,11.524
78775,0.6,11.524
78800,0.6,11.524
78825,0.6,11.522
78850,0.6,11.524
78875,0.6,11.522
78900,0.6,11.524
78925,0.6,11.522
78950,0.6,11.522
78975,0.6,11.521
79000,0.6,11.519
79025,0.6,11.521
79050,0.6,11.521
79075,0.6,11.519
79100,0.6,11.519
79125,0.6,11.521
79150,0.6,11.521
79175,0.6,11.521
79200,0.6,11.521
79225,0.6,11.522
79250,0.6,11.519
79275,0.6,11.519
79300,0.6,11.517
79325,0.6,11.517
79350,0.6,11.519
79375,0.6,11.517
79400,0.6,11.517
79425,0.6,11.515
79450,0.6,11.517
79475,0.6,11.521
79500,0.6,11.517
79525,0.6,11.511
79550,0.6,11.513
79575,0.6,11.513
79600,0.6,11.513
79625,0.6,11.508
79650,0.6,11.508
79675,0.6,11.508
79700,0.6,11.508
79725,0.6,11.509
79750,0.6,11.508
79775,0.6,11.509
79800,0.6,11.508
79825,0.6,11.508
79850,0.6,11.508
79875,0.6,11.504
79900,0.6,11.508
79925,0.6,11.513
79950,0.6,11.509
79975,0.6,11.506
80000,0.6,11.508
80025,0.6,11.511
80050,0.6,11.513
80075,0.6,11.517
80100,0.6,11.519
80125,0.6,11.511
80150,0.6,11.511
80175,0.6,11.511
80200,0.6,11.513
80225,0.6,11.513
80250,0.6,11.511
80275,0.6,11.511
80300,0.6,11.515
80325,0.6,11.515
80350,0.6,11.517
80375,0.6,11.517
80400,0.6,11.517
80425,0.6,11.517
80450,0.6,11.515
80475,0.63,11.515
80500,0.63,11.528
80525,0.63,11.555
80550,0.63,11.585
80575,0.63,11.612
80600,0.63,11.651
80625,0.63,11.688
80650,0.63,11.728
80675,0.63,11.773
80700,0.63,11.825
80725,0.63,11.873
80750,0.63,11.919
80775,0.63,11.968
80800,0.63,12.018
80825,0.63,12.065
80850,0.63,12.114
80875,0.63,12.159
80900,0.63,12.193
80925,0.63,12.222
80950,0.63,12.241
80975,0.63,12.263
81000,0.63,12.274
81025,0.63,12.29
81050,0.63,12.297
81075,0.63,12.299
81100,0.63,12.293
81125,0.63,12.295
81150,0.63,12.299
81175,0.63,12.305
81200,0.63,12.303
81225,0.63,12.305
81250,0.63,12.307
81275,0.63,12.309
81300,0.63,12.311
81325,0.63,12.309
81350,0.63,12.309
81375,0.63,12.309
81400,0.63,12.309
81425,0.63,12.305
81450,0.63,12.307
81475,0.63,12.311
81500,0.63,12.309
81525,0.63,12.309
81550,0.63,12.311
81575,0.63,12.311
81600,0.63,12.311
81625,0.63,12.312
81650,0.63,12.312
81675,0.63,12.314
81700,0.63,12.314
81725,0.63,12.316
81750,0.63,12.316
81775,0.63,12.316
81800,0.63,12.316
81825,0.63,12.318
81850,0.63,12.316
81875,0.63,12.316
81900,0.63,12.318
81925,0.63,12.32
81950,0.63,12.32
81975,0.63,12.32
82000,0.63,12.318
82025,0.63,12.318
82050,0.63,12.318
82075,0.63,12.316
82100,0.63,12.316
82125,0.63,12.316
82150,0.63,12.316
82175,0.63,12.314
82200,0.63,12.314
82225,0.63,12.312
82250,0.63,12.311
82275,0.63,12.311
82300,0.63,12.309
82325,0.63,12.305
82350,0.63,12.303
82375,0.63,12.301
82400,0.63,12.301
82425,0.63,12.299
82450,0.63,12.299
82475,0.63,12.297
82500,0.63,12.297
82525,0.63,12.295
82550,0.63,12.295
82575,0.63,12.295
82600,0.63,12.295
82625,0.63,12.297
82650,0.63,12.299
82675,0.63,12.297
82700,0.63,12.299
82725,0.63,12.299
82750,0.63,12.301
82775,0.63,12.303
82800,0.63,12.303
82825,0.63,12.303
82850,0.63,12.301
82875,0.63,12.301
82900,0.63,12.297
82925,0.63,12.299
82950,0.63,12.307
82975,0.63,12.309
83000,0.63,12.309
83025,0.63,12.305
83050,0.63,12.303
83075,0.63,12.305
83100,0.63,12.303
83125,0.63,12.303
83150,0.63,12.299
83175,0.63,12.297
83200,0.63,12.297
83225,0.63,12.297
83250,0.63,12.295
83275,0.63,12.295
83300,0.63,12.297
83325,0.63,12.292
83350,0.63,12.284
83375,0.63,12.282
83400,0.63,12.276
83425,0.63,12.278
83450,0.63,12.28
83475,0.63,12.278
83500,0.63,12.278
83525,0.63,12.278
83550,0.63,12.278
83575,0.63,12.278
83600,0.63,12.278
83625,0.63,12.278
83650,0.63,12.282
83675,0.63,12.282
83700,0.63,12.28
83725,0.63,12.282
83750,0.63,12.278
83775,0.63,12.276
83800,0.63,12.28
83825,0.63,12.276
83850,0.63,12.276
83875,0.63,12.274
83900,0.63,12.274
83925,0.63,12.274
83950,0.63,12.271
83975,0.63,12.263
84000,0.63,12.261
84025,0.63,12.261
84050,0.63,12.258
84075,0.63,12.246
84100,0.63,12.246
84125,0.63,12.246
84150,0.63,12.25
84175,0.63,12.25
84200,0.63,12.248
84225,0.63,12.252
84250,0.63,12.25
84275,0.63,12.248
84300,0.63,12.248
84325,0.63,12.248
84350,0.63,12.25
84375,0.63,12.256
84400,0.63,12.259
84425,0.63,12.259
84450,0.63,12.259
84475,0.66,12.274
84500,0.66,12.29
84525,0.66,12.311
84550,0.66,12.337
84575,0.66,12.373
84600,0.66,12.409
84625,0.66,12.447
84650,0.66,12.491
84675,0.66,12.537
84700,0.66,12.589
84725,0.66,12.637
84750,0.66,12.674
84775,0.66,12.72
84800,0.66,12.766
84825,0.66,12.813
84850,0.66,12.865
84875,0.66,12.91
84900,0.66,12.945
84925,0.66,12.988
84950,0.66,13.009
84975,0.66,13.025
85000,0.66,13.041
85025,0.66,13.054
85050,0.66,13.062
85075,0.66,13.072
85100,0.66,13.07
85125,0.66,13.072
85150,0.66,13.088
85175,0.66,13.092
85200,0.66,13.096
85225,0.66,13.096
85250,0.66,13.096
85275,0.66,13.098
85300,0.66,13.1
85325,0.66,13.088
85350,0.66,13.088
85375,0.66,13.098
85400,0.66,13.098
85425,0.66,13.096
85450,0.66,13.094
85475,0.66,13.094
85500,0.66,13.092
85525,0.66,13.09
85550,0.66,13.088
85575,0.66,13.088
85600,0.66,13.084
85625,0.66,13.086
85650,0.66,13.084
85675,0.66,13.084
85700,0.66,13.082
85725,0.66,13.078
85750,0.66,13.08
85775,0.66,13.072
85800,0.66,13.066
85825,0.66,13.066
85850,0.66,13.064
85875,0.66,13.058
85900,0.66,13.058
85925,0.66,13.06
85950,0.66,13.06
85975,0.66,13.06
86000,0.66,13.06
86025,0.66,13.06
86050,0.66,13.054
86075,0.66,13.05
86100,0.66,13.05
86125,0.66,13.054
86150,0.66,13.053
86175,0.66,13.049
86200,0.66,13.053
86225,0.66,13.05
86250,0.66,13.053
86275,0.66,13.054
86300,0.66,13.054
86325,0.66,13.053
86350,0.66,13.053
86375,0.66,13.05
86400,0.66,13.049
86425,0.66,13.047
86450,0.66,13.05
86475,0.66,13.05
86500,0.66,13.05
86525,0.66,13.049
86550,0.66,13.047
86575,0.66,13.049
86600,0.66,13.049
86625,0.66,13.043
86650,0.66,13.043
86675,0.66,13.043
86700,0.66,13.041
86725,0.66,13.041
86750,0.66,13.043
86775,0.66,13.045
86800,0.66,13.047
86825,0.66,13.045
86850,0.66,13.047
86875,0.66,13.049
86900,0.66,13.049
86925,0.66,13.047
86950,0.66,13.049
86975,0.66,13.045
87000,0.66,13.045
87025,0.66,13.049
87050,0.66,13.047
87075,0.66,13.047
87100,0.66,13.049
87125,0.66,13.047
87150,0.66,13.043
87175,0.66,13.041
87200,0.66,13.041
87225,0.66,13.043
87250,0.66,13.043
87275,0.66,13.043
87300,0.66,13.043
87325,0.66,13.043
87350,0.66,13.043
87375,0.66,13.045
87400,0.66,13.035
87425,0.66,13.037
87450,0.66,13.037
87475,0.66,13.037
87500,0.66,13.035
87525,0.66,13.033
87550,0.66,13.047
87575,0.66,13.054
87600,0.66,13.054
87625,0.66,13.054
87650,0.66,13.053
87675,0.66,13.05
87700,0.66,13.049
87725,0.66,13.05
87750,0.66,13.05
87775,0.66,13.047
87800,0.66,13.058
87825,0.66,13.053
87850,0.66,13.053
87875,0.66,13.053
87900,0.66,13.05
87925,0.66,13.053
87950,0.66,13.037
87975,0.66,13.029
88000,0.66,13.027
88025,0.66,13.027
88050,0.66,13.027
88075,0.66,13.025
88100,0.66,13.027
88125,0.66,13.025
88150,0.66,13.021
88175,0.66,13.025
88200,0.66,13.023
88225,0.66,13.025
88250,0.66,13.027
88275,0.66,13.021
88300,0.66,13.023
88325,0.66,13.023
88350,0.66,13.025
88375,0.66,13.025
88400,0.66,13.025
88425,0.66,13.021
88450,0.66,13.021
88475,0.69,13.029
88500,0.69,13.043
88525,0.69,13.064
88550,0.69,13.096
88575,0.69,13.127
88600,0.69,13.162
88625,0.69,13.204
88650,0.69,13.247
88675,0.69,13.294
88700,0.69,13.334
88725,0.69,13.386
88750,0.69,13.435
88775,0.69,13.487
88800,0.69,13.539
88825,0.69,13.597
88850,0.69,13.647
88875,0.69,13.701
88900,0.69,13.738
88925,0.69,13.766
88950,0.69,13.786
88975,0.69,13.804
89000,0.69,13.82
89025,0.69,13.832
89050,0.69,13.838
89075,0.69,13.848
89100,0.69,13.861
89125,0.69,13.861
89150,0.69,13.863
89175,0.69,13.863
89200,0.69,13.863
89225,0.69,13.861
89250,0.69,13.863
89275,0.69,13.855
89300,0.69,13.855
89325,0.69,13.857
89350,0.69,13.859
89375,0.69,13.859
89400,0.69,13.857
89425,0.69,13.855
89450,0.69,13.855
89475,0.69,13.853
89500,0.69,13.851
89525,0.69,13.851
89550,0.69,13.851
89575,0.69,13.848
89600,0.69,13.848
89625,0.69,13.847
89650,0.69,13.845
89675,0.69,13.845
89700,0.69,13.845
89725,0.69,13.842
89750,0.69,13.845
89775,0.69,13.842
89800,0.69,13.841
89825,0.69,13.841
89850,0.69,13.838
89875,0.69,13.836
89900,0.69,13.838
89925,0.69,13.838
89950,0.69,13.834
89975,0.69,13.834
90000,0.69,13.836
90025,0.69,13.834
90050,0.69,13.828
90075,0.69,13.826
90100,0.69,13.826
90125,0.69,13.828
90150,0.69,13.826
90175,0.69,13.828
90200,0.69,13.828
90225,0.69,13.828
90250,0.69,13.828
90275,0.69,13.824
90300,0.69,13.824
90325,0.69,13.824
90350,0.69,13.828
90375,0.69,13.828
90400,0.69,13.82
90425,0.69,13.822
90450,0.69,13.826
90475,0.69,13.826
90500,0.69,13.824
90525,0.69,13.822
90550,0.69,13.82
90575,0.69,13.818
90600,0.69,13.818
90625,0.69,13.818
90650,0.69,13.818
90675,0.69,13.822
90700,0.69,13.822
90725,0.69,13.822
90750,0.69,13.824
90775,0.69,13.824
90800,0.69,13.828
90825,0.69,13.828
90850,0.69,13.83
90875,0.69,13.828
90900,0.69,13.826
90925,0.69,13.826
90950,0.69,13.822
90975,0.69,13.822
91000,0.69,13.824
91025,0.69,13.824
91050,0.69,13.822
91075,0.69,13.82
91100,0.69,13.818
91125,0.69,13.818
91150,0.69,13.814
91175,0.69,13.816
91200,0.69,13.816
91225,0.69,13.816
91250,0.69,13.816
91275,0.69,13.816
91300,0.69,13.818
91325,0.69,13.82
91350,0.69,13.824
91375,0.69,13.824
91400,0.69,13.822
91425,0.69,13.82
91450,0.69,13.824
91475,0.69,13.826
91500,0.69,13.826
91525,0.69,13.824
91550,0.69,13.824
91575,0.69,13.82
91600,0.69,13.82
91625,0.69,13.82
91650,0.69,13.818
91675,0.69,13.82
91700,0.69,13.82
91725,0.69,13.818
91750,0.69,13.818
91775,0.69,13.816
91800,0.69,13.814
91825,0.69,13.816
91850,0.69,13.814
91875,0.69,13.812
91900,0.69,13.812
91925,0.69,13.812
91950,0.69,13.798
91975,0.69,13.8
92000,0.69,13.796
92025,0.69,13.796
92050,0.69,13.798
92075,0.69,13.798
92100,0.69,13.796
92125,0.69,13.798
92150,0.69,13.798
92175,0.69,13.802
92200,0.69,13.802
92225,0.69,13.802
92250,0.69,13.802
92275,0.69,13.804
92300,0.69,13.804
92325,0.69,13.8
92350,0.69,13.81
92375,0.69,13.81
92400,0.69,13.814
92425,0.69,13.814
92450,0.69,13.814
92475,0.72,13.818
92500,0.72,13.836
92525,0.72,13.857
92550,0.72,13.887
92575,0.72,13.919
92600,0.72,13.964
92625,0.72,14.005
92650,0.72,14.048
92675,0.72,14.095
92700,0.72,14.142
92725,0.72,14.195
92750,0.72,14.248
92775,0.72,14.3
92800,0.72,14.349
92825,0.72,14.397
92850,0.72,14.448
92875,0.72,14.496
92900,0.72,14.531
92925,0.72,14.562
92950,0.72,14.585
92975,0.72,14.602
93000,0.72,14.612
93025,0.72,14.623
93050,0.72,14.631
93075,0.72,14.637
93100,0.72,14.644
93125,0.72,14.648
93150,0.72,14.652
93175,0.72,14.654
93200,0.72,14.658
93225,0.72,14.665
93250,0.72,14.667
93275,0.72,14.669
93300,0.72,14.669
93325,0.72,14.669
93350,0.72,14.667
93375,0.72,14.669
93400,0.72,14.669
93425,0.72,14.671
93450,0.72,14.671
93475,0.72,14.669
93500,0.72,14.669
93525,0.72,14.669
93550,0.72,14.667
93575,0.72,14.675
93600,0.72,14.673
93625,0.72,14.671
93650,0.72,14.679
93675,0.72,14.679
93700,0.72,14.681
93725,0.72,14.679
93750,0.72,14.679
93775,0.72,14.679
93800,0.72,14.675
93825,0.72,14.673
93850,0.72,14.669
93875,0.72,14.671
93900,0.72,14.667
93925,0.72,14.673
93950,0.72,14.673
93975,0.72,14.66
94000,0.72,14.66
94025,0.72,14.66
94050,0.72,14.652
94075,0.72,14.65
94100,0.72,14.65
94125,0.72,14.65
94150,0.72,14.65
94175,0.72,14.648
94200,0.72,14.65
94225,0.72,14.646
94250,0.72,14.65
94275,0.72,14.648
94300,0.72,14.652
94325,0.72,14.644
94350,0.72,14.642
94375,0.72,14.642
94400,0.72,14.642
94425,0.72,14.642
94450,0.72,14.64
94475,0.72,14.64
94500,0.72,14.64
94525,0.72,14.64
94550,0.72,14.637
94575,0.72,14.64
94600,0.72,14.64
94625,0.72,14.648
94650,0.72,14.648
94675,0.72,14.65
94700,0.72,14.652
94725,0.72,14.654
94750,0.72,14.656
94775,0.72,14.66
94800,0.72,14.658
94825,0.72,14.667
94850,0.72,14.667
94875,0.72,14.669
94900,0.72,14.667
94925,0.72,14.669
94950,0.72,14.673
94975,0.72,14.671
95000,0.72,14.673
95025,0.72,14.669
95050,0.72,14.669
95075,0.72,14.667
95100,0.72,14.662
95125,0.72,14.66
95150,0.72,14.656
95175,0.72,14.658
95200,0.72,14.662
95225,0.72,14.656
95250,0.72,14.658
95275,0.72,14.658
95300,0.72,14.658
95325,0.72,14.656
95350,0.72,14.654
95375,0.72,14.658
95400,0.72,14.658
95425,0.72,14.658
95450,0.72,14.658
95475,0.72,14.658
95500,0.72,14.658
95525,0.72,14.658
95550,0.72,14.662
95575,0.72,14.66
95600,0.72,14.66
95625,0.72,14.658
95650,0.72,14.656
95675,0.72,14.652
95700,0.72,14.652
95725,0.72,14.652
95750,0.72,14.65
95775,0.72,14.646
95800,0.72,14.642
95825,0.72,14.64
95850,0.72,14.64
95875,0.72,14.64
95900,0.72,14.635
95925,0.72,14.631
95950,0.72,14.627
95975,0.72,14.621
96000,0.72,14.619
96025,0.72,14.614
96050,0.72,14.608
96075,0.72,14.606
96100,0.72,14.602
96125,0.72,14.598
96150,0.72,14.596
96175,0.72,14.594
96200,0.72,14.592
96225,0.72,14.589
96250,0.72,14.585
96275,0.72,14.581
96300,0.72,14.579
96325,0.72,14.579
96350,0.72,14.579
96375,0.72,14.577
96400,0.72,14.571
96425,0.72,14.569
96450,0.72,14.569
96475,0.75,14.573
96500,0.75,14.596
96525,0.75,14.617
96550,0.75,14.644
96575,0.75,14.675
96600,0.75,14.709
96625,0.75,14.748
96650,0.75,14.796
96675,0.75,14.838
96700,0.75,14.887
96725,0.75,14.935
96750,0.75,14.984
96775,0.75,15.037
96800,0.75,15.088
96825,0.75,15.139
96850,0.75,15.192
96875,0.75,15.239
96900,0.75,15.267
96925,0.75,15.297
96950,0.75,15.322
96975,0.75,15.342
97000,0.75,15.361
97025,0.75,15.37
97050,0.75,15.374
97075,0.75,15.382
97100,0.75,15.389
97125,0.75,15.393
97150,0.75,15.397
97175,0.75,15.399
97200,0.75,15.404
97225,0.75,15.408
97250,0.75,15.41
97275,0.75,15.41
97300,0.75,15.412
97325,0.75,15.417
97350,0.75,15.417
97375,0.75,15.419
97400,0.75,15.406
97425,0.75,15.406
97450,0.75,15.406
97475,0.75,15.406
97500,0.75,15.406
97525,0.75,15.406
97550,0.75,15.406
97575,0.75,15.406
97600,0.75,15.402
97625,0.75,15.41
97650,0.75,15.41
97675,0.75,15.412
97700,0.75,15.41
97725,0.75,15.41
97750,0.75,15.412
97775,0.75,15.408
97800,0.75,15.423
97825,0.75,15.425
97850,0.75,15.428
97875,0.75,15.43
97900,0.75,15.43
97925,0.75,15.43
97950,0.75,15.428
97975,0.75,15.428
98000,0.75,15.43
98025,0.75,15.419
98050,0.75,15.417
98075,0.75,15.417
98100,0.75,15.421
98125,0.75,15.419
98150,0.75,15.415
98175,0.75,15.417
98200,0.75,15.419
98225,0.75,15.423
98250,0.75,15.421
98275,0.75,15.419
98300,0.75,15.417
98325,0.75,15.417
98350,0.75,15.419
98375,0.75,15.419
98400,0.75,15.421
98425,0.75,15.425
98450,0.75,15.428
98475,0.75,15.428
98500,0.75,15.425
98525,0.75,15.425
98550,0.75,15.425
98575,0.75,15.425
98600,0.75,15.421
98625,0.75,15.421
98650,0.75,15.421
98675,0.75,15.423
98700,0.75,15.425
98725,0.75,15.425
98750,0.75,15.423
98775,0.75,15.423
98800,0.75,15.421
98825,0.75,15.419
98850,0.75,15.421
98875,0.75,15.415
98900,0.75,15.412
98925,0.75,15.41
98950,0.75,15.412
98975,0.75,15.41
99000,0.75,15.408
99025,0.75,15.404
99050,0.75,15.406
99075,0.75,15.399
99100,0.75,15.397
99125,0.75,15.395
99150,0.75,15.393
99175,0.75,15.387
99200,0.75,15.387
99225,0.75,15.384
99250,0.75,15.38
99275,0.75,15.384
99300,0.75,15.387
99325,0.75,15.387
99350,0.75,15.387
99375,0.75,15.387
99400,0.75,15.387
99425,0.75,15.387
99450,0.75,15.384
99475,0.75,15.387
99500,0.75,15.387
99525,0.75,15.387
99550,0.75,15.389
99575,0.75,15.395
99600,0.75,15.397
99625,0.75,15.397
99650,0.75,15.402
99675,0.75,15.402
99700,0.75,15.399
99725,0.75,15.399
99750,0.75,15.399
99775,0.75,15.399
99800,0.75,15.399
99825,0.75,15.402
99850,0.75,15.399
99875,0.75,15.402
99900,0.75,15.404
99925,0.75,15.406
99950,0.75,15.408
99975,0.75,15.402
1e+05,0.75,15.399
1.0002e+05,0.75,15.402
1.0005e+05,0.75,15.397
1.0008e+05,0.75,15.399
1.001e+05,0.75,15.399
1.0012e+05,0.75,15.395
1.0015e+05,0.75,15.395
1.0018e+05,0.75,15.397
1.002e+05,0.75,15.397
1.0022e+05,0.75,15.395
1.0025e+05,0.75,15.397
1.0028e+05,0.75,15.397
1.003e+05,0.75,15.397
1.0032e+05,0.75,15.397
1.0035e+05,0.75,15.397
1.0038e+05,0.75,15.404
1.004e+05,0.75,15.406
1.0042e+05,0.75,15.404
1.0045e+05,0.75,15.404
1.0048e+05,0.78,15.408
1.005e+05,0.78,15.423
1.0052e+05,0.78,15.453
1.0055e+05,0.78,15.492
1.0058e+05,0.78,15.524
1.006e+05,0.78,15.563
1.0062e+05,0.78,15.604
1.0065e+05,0.78,15.648
1.0068e+05,0.78,15.695
1.007e+05,0.78,15.741
1.0072e+05,0.78,15.778
1.0075e+05,0.78,15.824
1.0078e+05,0.78,15.874
1.008e+05,0.78,15.922
1.0082e+05,0.78,15.975
1.0085e+05,0.78,16.027
1.0088e+05,0.78,16.076
1.009e+05,0.78,16.111
1.0092e+05,0.78,16.137
1.0095e+05,0.78,16.151
1.0098e+05,0.78,16.171
1.01e+05,0.78,16.184
1.0102e+05,0.78,16.199
1.0105e+05,0.78,16.208
1.0108e+05,0.78,16.212
1.011e+05,0.78,16.219
1.0112e+05,0.78,16.235
1.0115e+05,0.78,16.235
1.0118e+05,0.78,16.235
1.012e+05,0.78,16.241
1.0122e+05,0.78,16.244
1.0125e+05,0.78,16.246
1.0128e+05,0.78,16.244
1.013e+05,0.78,16.248
1.0132e+05,0.78,16.248
1.0135e+05,0.78,16.255
1.0138e+05,0.78,16.255
1.014e+05,0.78,16.255
1.0142e+05,0.78,16.25
1.0145e+05,0.78,16.248
1.0148e+05,0.78,16.25
1.015e+05,0.78,16.248
1.0152e+05,0.78,16.246
1.0155e+05,0.78,16.248
1.0158e+05,0.78,16.248
1.016e+05,0.78,16.244
1.0162e+05,0.78,16.241
1.0165e+05,0.78,16.239
1.0168e+05,0.78,16.241
1.017e+05,0.78,16.239
1.0172e+05,0.78,16.241
1.0175e+05,0.78,16.235
1.0178e+05,0.78,16.232
1.018e+05,0.78,16.232
1.0182e+05,0.78,16.235
1.0185e+05,0.78,16.237
1.0188e+05,0.78,16.237
1.019e+05,0.78,16.241
1.0192e+05,0.78,16.241
1.0195e+05,0.78,16.246
1.0198e+05,0.78,16.25
1.02e+05,0.78,16.25
1.0202e+05,0.78,16.25
1.0205e+05,0.78,16.246
1.0208e+05,0.78,16.246
1.021e+05,0.78,16.248
1.0212e+05,0.78,16.248
1.0215e+05,0.78,16.248
1.0218e+05,0.78,16.25
1.022e+05,0.78,16.252
1.0222e+05,0.78,16.255
1.0225e+05,0.78,16.252
1.0228e+05,0.78,16.252
1.023e+05,0.78,16.246
1.0232e+05,0.78,16.246
1.0235e+05,0.78,16.25
1.0238e+05,0.78,16.248
1.024e+05,0.78,16.25
1.0242e+05,0.78,16.252
1.0245e+05,0.78,16.259
1.0248e+05,0.78,16.259
1.025e+05,0.78,16.259
1.0252e+05,0.78,16.257
1.0255e+05,0.78,16.255
1.0258e+05,0.78,16.255
1.026e+05,0.78,16.255
1.0262e+05,0.78,16.252
1.0265e+05,0.78,16.252
1.0268e+05,0.78,16.252
1.027e+05,0.78,16.259
1.0272e+05,0.78,16.268
1.0275e+05,0.78,16.264
1.0278e+05,0.78,16.264
1.028e+05,0.78,16.264
1.0282e+05,0.78,16.264
1.0285e+05,0.78,16.266
1.0288e+05,0.78,16.259
1.029e+05,0.78,16.266
1.0292e+05,0.78,16.266
1.0295e+05,0.78,16.268
1.0298e+05,0.78,16.268
1.03e+05,0.78,16.268
1.0302e+05,0.78,16.268
1.0305e+05,0.78,16.268
1.0308e+05,0.78,16.27
1.031e+05,0.78,16.266
1.0312e+05,0.78,16.257
1.0315e+05,0.78,16.252
1.0318e+05,0.78,16.252
1.032e+05,0.78,16.25
1.0322e+05,0.78,16.25
1.0325e+05,0.78,16.246
1.0328e+05,0.78,16.244
1.033e+05,0.78,16.235
1.0332e+05,0.78,16.235
1.0335e+05,0.78,16.232
1.0338e+05,0.78,16.232
1.034e+05,0.78,16.23
1.0342e+05,0.78,16.228
1.0345e+05,0.78,16.226
1.0348e+05,0.78,16.224
1.035e+05,0.78,16.224
1.0352e+05,0.78,16.224
1.0355e+05,0.78,16.23
1.0358e+05,0.78,16.228
1.036e+05,0.78,16.228
1.0362e+05,0.78,16.221
1.0365e+05,0.78,16.224
1.0368e+05,0.78,16.228
1.037e+05,0.78,16.228
1.0372e+05,0.78,16.23
1.0375e+05,0.78,16.232
1.0378e+05,0.78,16.23
1.038e+05,0.78,16.23
1.0382e+05,0.78,16.23
1.0385e+05,0.78,16.228
1.0388e+05,0.78,16.224
1.039e+05,0.78,16.221
1.0392e+05,0.78,16.219
1.0395e+05,0.78,16.215
1.0398e+05,0.78,16.215
1.04e+05,0.78,16.215
1.0402e+05,0.78,16.21
1.0405e+05,0.78,16.208
1.0408e+05,0.78,16.21
1.041e+05,0.78,16.21
1.0412e+05,0.78,16.208
1.0415e+05,0.78,16.204
1.0418e+05,0.78,16.204
1.042e+05,0.78,16.206
1.0422e+05,0.78,16.206
1.0425e+05,0.78,16.21
1.0428e+05,0.78,16.212
1.043e+05,0.78,16.212
1.0432e+05,0.78,16.21
1.0435e+05,0.78,16.21
1.0438e+05,0.78,16.21
1.044e+05,0.78,16.212
1.0442e+05,0.78,16.221
1.0445e+05,0.78,16.221
1.0448e+05,0.81,16.226
1.045e+05,0.81,16.239
1.0452e+05,0.81,16.264
1.0455e+05,0.81,16.297
1.0458e+05,0.81,16.332
1.046e+05,0.81,16.37
1.0462e+05,0.81,16.412
1.0465e+05,0.81,16.455
1.0468e+05,0.81,16.502
1.047e+05,0.81,16.553
1.0472e+05,0.81,16.609
1.0475e+05,0.81,16.661
1.0478e+05,0.81,16.712
1.048e+05,0.81,16.764
1.0482e+05,0.81,16.818
1.0485e+05,0.81,16.873
1.0488e+05,0.81,16.925
1.049e+05,0.81,16.963
1.0492e+05,0.81,16.988
1.0495e+05,0.81,17.013
1.0498e+05,0.81,17.027
1.05e+05,0.81,17.041
1.0502e+05,0.81,17.052
1.0505e+05,0.81,17.064
1.0508e+05,0.81,17.079
1.051e+05,0.81,17.084
1.0512e+05,0.81,17.086
1.0515e+05,0.81,17.091
1.0518e+05,0.81,17.091
1.052e+05,0.81,17.086
1.0522e+05,0.81,17.093
1.0525e+05,0.81,17.098
1.0528e+05,0.81,17.093
1.053e+05,0.81,17.095
1.0532e+05,0.81,17.102
1.0535e+05,0.81,17.102
1.0538e+05,0.81,17.109
1.054e+05,0.81,17.109
1.0542e+05,0.81,17.111
1.0545e+05,0.81,17.118
1.0548e+05,0.81,17.109
1.055e+05,0.81,17.111
1.0552e+05,0.81,17.114
1.0555e+05,0.81,17.111
1.0558e+05,0.81,17.118
1.056e+05,0.81,17.125
1.0562e+05,0.81,17.118
1.0565e+05,0.81,17.121
1.0568e+05,0.81,17.123
1.057e+05,0.81,17.127
1.0572e+05,0.81,17.13
1.0575e+05,0.81,17.132
1.0578e+05,0.81,17.132
1.058e+05,0.81,17.137
1.0582e+05,0.81,17.139
1.0585e+05,0.81,17.132
1.0588e+05,0.81,17.137
1.059e+05,0.81,17.13
1.0592e+05,0.81,17.13
1.0595e+05,0.81,17.132
1.0598e+05,0.81,17.132
1.06e+05,0.81,17.134
1.0602e+05,0.81,17.139
1.0605e+05,0.81,17.134
1.0608e+05,0.81,17.139
1.061e+05,0.81,17.139
1.0612e+05,0.81,17.137
1.0615e+05,0.81,17.134
1.0618e+05,0.81,17.137
1.062e+05,0.81,17.137
1.0622e+05,0.81,17.132
1.0625e+05,0.81,17.134
1.0628e+05,0.81,17.132
1.063e+05,0.81,17.139
1.0632e+05,0.81,17.139
1.0635e+05,0.81,17.139
1.0638e+05,0.81,17.137
1.064e+05,0.81,17.134
1.0642e+05,0.81,17.132
1.0645e+05,0.81,17.132
1.0648e+05,0.81,17.13
1.065e+05,0.81,17.127
1.0652e+05,0.81,17.127
1.0655e+05,0.81,17.13
1.0658e+05,0.81,17.125
1.066e+05,0.81,17.125
1.0662e+05,0.81,17.127
1.0665e+05,0.81,17.127
1.0668e+05,0.81,17.13
1.067e+05,0.81,17.13
1.0672e+05,0.81,17.13
1.0675e+05,0.81,17.132
1.0678e+05,0.81,17.132
1.068e+05,0.81,17.134
1.0682e+05,0.81,17.134
1.0685e+05,0.81,17.137
1.0688e+05,0.81,17.137
1.069e+05,0.81,17.139
1.0692e+05,0.81,17.141
1.0695e+05,0.81,17.137
1.0698e+05,0.81,17.139
1.07e+05,0.81,17.134
1.0702e+05,0.81,17.132
1.0705e+05,0.81,17.132
1.0708e+05,0.81,17.132
1.071e+05,0.81,17.134
1.0712e+05,0.81,17.139
1.0715e+05,0.81,17.139
1.0718e+05,0.81,17.137
1.072e+05,0.81,17.134
1.0722e+05,0.81,17.134
1.0725e+05,0.81,17.132
1.0728e+05,0.81,17.134
1.073e+05,0.81,17.134
1.0732e+05,0.81,17.134
1.0735e+05,0.81,17.137
1.0738e+05,0.81,17.139
1.074e+05,0.81,17.143
1.0742e+05,0.81,17.143
1.0745e+05,0.81,17.143
1.0748e+05,0.81,17.139
1.075e+05,0.81,17.139
1.0752e+05,0.81,17.134
1.0755e+05,0.81,17.132
1.0758e+05,0.81,17.139
1.076e+05,0.81,17.139
1.0762e+05,0.81,17.137
1.0765e+05,0.81,17.134
1.0768e+05,0.81,17.13
1.077e+05,0.81,17.125
1.0772e+05,0.81,17.121
1.0775e+05,0.81,17.121
1.0778e+05,0.81,17.118
1.078e+05,0.81,17.114
1.0782e+05,0.81,17.114
1.0785e+05,0.81,17.116
1.0788e+05,0.81,17.116
1.079e+05,0.81,17.114
1.0792e+05,0.81,17.111
1.0795e+05,0.81,17.111
1.0798e+05,0.81,17.107
1.08e+05,0.81,17.105
1.0802e+05,0.81,17.107
1.0805e+05,0.81,17.107
1.0808e+05,0.81,17.107
1.081e+05,0.81,17.105
1.0812e+05,0.81,17.105
1.0815e+05,0.81,17.105
1.0818e+05,0.81,17.102
1.082e+05,0.81,17.102
1.0822e+05,0.81,17.105
1.0825e+05,0.81,17.102
1.0828e+05,0.81,17.105
1.083e+05,0.81,17.105
1.0832e+05,0.81,17.107
1.0835e+05,0.81,17.105
1.0838e+05,0.81,17.107
1.084e+05,0.81,17.107
1.0842e+05,0.81,17.109
1.0845e+05,0.81,17.114
1.0848e+05,0.84,17.118
1.085e+05,0.84,17.139
1.0852e+05,0.84,17.162
1.0855e+05,0.84,17.194
1.0858e+05,0.84,17.233
1.086e+05,0.84,17.276
1.0862e+05,0.84,17.32
1.0865e+05,0.84,17.368
1.0868e+05,0.84,17.412
1.087e+05,0.84,17.465
1.0872e+05,0.84,17.516
1.0875e+05,0.84,17.569
1.0878e+05,0.84,17.618
1.088e+05,0.84,17.674
1.0882e+05,0.84,17.725
1.0885e+05,0.84,17.779
1.0888e+05,0.84,17.83
1.089e+05,0.84,17.867
1.0892e+05,0.84,17.9
1.0895e+05,0.84,17.921
1.0898e+05,0.84,17.938
1.09e+05,0.84,17.95
1.0902e+05,0.84,17.961
1.0905e+05,0.84,17.968
1.0908e+05,0.84,17.978
1.091e+05,0.84,17.978
1.0912e+05,0.84,17.985
1.0915e+05,0.84,17.987
1.0918e+05,0.84,17.989
1.092e+05,0.84,17.987
1.0922e+05,0.84,17.987
1.0925e+05,0.84,17.983
1.0928e+05,0.84,17.985
1.093e+05,0.84,17.985
1.0932e+05,0.84,17.987
1.0935e+05,0.84,17.987
1.0938e+05,0.84,17.987
1.094e+05,0.84,17.985
1.0942e+05,0.84,17.985
1.0945e+05,0.84,17.98
1.0948e+05,0.84,17.983
1.095e+05,0.84,17.983
1.0952e+05,0.84,17.973
1.0955e+05,0.84,17.973
1.0958e+05,0.84,17.971
1.096e+05,0.84,17.971
1.0962e+05,0.84,17.973
1.0965e+05,0.84,17.975
1.0968e+05,0.84,17.971
1.097e+05,0.84,17.971
1.0972e+05,0.84,17.966
1.0975e+05,0.84,17.966
1.0978e+05,0.84,17.966
1.098e+05,0.84,17.968
1.0982e+05,0.84,17.966
1.0985e+05,0.84,17.973
1.0988e+05,0.84,17.971
1.099e+05,0.84,17.971
1.0992e+05,0.84,17.975
1.0995e+05,0.84,17.973
1.0998e+05,0.84,17.973
1.1e+05,0.84,17.975
1.1002e+05,0.84,17.973
1.1005e+05,0.84,17.973
1.1008e+05,0.84,17.975
1.101e+05,0.84,17.975
1.1012e+05,0.84,17.978
1.1015e+05,0.84,17.98
1.1018e+05,0.84,17.98
1.102e+05,0.84,17.98
1.1022e+05,0.84,17.98
1.1025e+05,0.84,17.973
1.1028e+05,0.84,17.971
1.103e+05,0.84,17.973
1.1032e+05,0.84,17.973
1.1035e+05,0.84,17.975
1.1038e+05,0.84,17.98
1.104e+05,0.84,17.983
1.1042e+05,0.84,17.983
1.1045e+05,0.84,17.983
1.1048e+05,0.84,17.978
1.105e+05,0.84,17.975
1.1052e+05,0.84,17.973
1.1055e+05,0.84,17.971
1.1058e+05,0.84,17.971
1.106e+05,0.84,17.971
1.1062e+05,0.84,17.971
1.1065e+05,0.84,17.973
1.1068e+05,0.84,17.978
1.107e+05,0.84,17.975
1.1072e+05,0.84,17.975
1.1075e+05,0.84,17.975
1.1078e+05,0.84,17.978
1.108e+05,0.84,17.978
1.1082e+05,0.84,17.98
1.1085e+05,0.84,17.98
1.1088e+05,0.84,17.985
1.109e+05,0.84,17.987
1.1092e+05,0.84,17.997
1.1095e+05,0.84,17.994
1.1098e+05,0.84,17.994
1.11e+05,0.84,17.997
1.1102e+05,0.84,17.997
1.1105e+05,0.84,17.999
1.1108e+05,0.84,18.006
1.111e+05,0.84,18.004
1.1112e+05,0.84,18.004
1.1115e+05,0.84,18.001
1.1118e+05,0.84,17.997
1.112e+05,0.84,17.994
1.1122e+05,0.84,17.992
1.1125e+05,0.84,17.992
1.1128e+05,0.84,17.994
1.113e+05,0.84,17.997
1.1132e+05,0.84,17.987
1.1135e+05,0.84,17.992
1.1138e+05,0.84,17.987
1.114e+05,0.84,17.989
1.1142e+05,0.84,17.989
1.1145e+05,0.84,17.987
1.1148e+05,0.84,17.975
1.115e+05,0.84,17.975
1.1152e+05,0.84,17.973
1.1155e+05,0.84,17.978
1.1158e+05,0.84,17.978
1.116e+05,0.84,17.98
1.1162e+05,0.84,17.98
1.1165e+05,0.84,17.983
1.1168e+05,0.84,17.983
1.117e+05,0.84,17.978
1.1172e+05,0.84,17.983
1.1175e+05,0.84,17.98
1.1178e+05,0.84,17.985
1.118e+05,0.84,17.98
1.1182e+05,0.84,17.98
1.1185e+05,0.84,17.983
1.1188e+05,0.84,17.987
1.119e+05,0.84,17.989
1.1192e+05,0.84,17.992
1.1195e+05,0.84,17.989
1.1198e+05,0.84,17.989
1.12e+05,0.84,17.987
1.1202e+05,0.84,17.987
1.1205e+05,0.84,17.983
1.1208e+05,0.84,17.98
1.121e+05,0.84,17.983
1.1212e+05,0.84,17.975
1.1215e+05,0.84,17.975
1.1218e+05,0.84,17.973
1.122e+05,0.84,17.973
1.1222e+05,0.84,17.973
1.1225e+05,0.84,17.971
1.1228e+05,0.84,17.968
1.123e+05,0.84,17.971
1.1232e+05,0.84,17.971
1.1235e+05,0.84,17.971
1.1238e+05,0.84,17.971
1.124e+05,0.84,17.971
1.1242e+05,0.84,17.968
1.1245e+05,0.84,17.971
1.1248e+05,0.87,17.975
1.125e+05,0.87,17.992
1.1252e+05,0.87,18.02
1.1255e+05,0.87,18.053
1.1258e+05,0.87,18.091
1.126e+05,0.87,18.131
1.1262e+05,0.87,18.169
1.1265e+05,0.87,18.211
1.1268e+05,0.87,18.254
1.127e+05,0.87,18.302
1.1272e+05,0.87,18.354
1.1275e+05,0.87,18.404
1.1278e+05,0.87,18.456
1.128e+05,0.87,18.509
1.1282e+05,0.87,18.564
1.1285e+05,0.87,18.617
1.1288e+05,0.87,18.667
1.129e+05,0.87,18.703
1.1292e+05,0.87,18.727
1.1295e+05,0.87,18.749
1.1298e+05,0.87,18.768
1.13e+05,0.87,18.785
1.1302e+05,0.87,18.8
1.1305e+05,0.87,18.812
1.1308e+05,0.87,18.824
1.131e+05,0.87,18.826
1.1312e+05,0.87,18.829
1.1315e+05,0.87,18.834
1.1318e+05,0.87,18.836
1.132e+05,0.87,18.838
1.1322e+05,0.87,18.841
1.1325e+05,0.87,18.843
1.1328e+05,0.87,18.846
1.133e+05,0.87,18.846
1.1332e+05,0.87,18.843
1.1335e+05,0.87,18.843
1.1338e+05,0.87,18.841
1.134e+05,0.87,18.836
1.1342e+05,0.87,18.836
1.1345e+05,0.87,18.834
1.1348e+05,0.87,18.836
1.135e+05,0.87,18.838
1.1352e+05,0.87,18.838
1.1355e+05,0.87,18.836
1.1358e+05,0.87,18.836
1.136e+05,0.87,18.836
1.1362e+05,0.87,18.834
1.1365e+05,0.87,18.834
1.1368e+05,0.87,18.831
1.137e+05,0.87,18.836
1.1372e+05,0.87,18.843
1.1375e+05,0.87,18.843
1.1378e+05,0.87,18.846
1.138e+05,0.87,18.848
1.1382e+05,0.87,18.848
1.1385e+05,0.87,18.85
1.1388e+05,0.87,18.848
1.139e+05,0.87,18.848
1.1392e+05,0.87,18.846
1.1395e+05,0.87,18.846
1.1398e+05,0.87,18.843
1.14e+05,0.87,18.841
1.1402e+05,0.87,18.843
1.1405e+05,0.87,18.843
1.1408e+05,0.87,18.843
1.141e+05,0.87,18.843
1.1412e+05,0.87,18.843
1.1415e+05,0.87,18.841
1.1418e+05,0.87,18.841
1.142e+05,0.87,18.838
1.1422e+05,0.87,18.838
1.1425e+05,0.87,18.838
1.1428e+05,0.87,18.838
1.143e+05,0.87,18.836
1.1432e+05,0.87,18.836
1.1435e+05,0.87,18.836
1.1438e+05,0.87,18.836
1.144e+05,0.87,18.836
1.1442e+05,0.87,18.834
1.1445e+05,0.87,18.831
1.1448e+05,0.87,18.831
1.145e+05,0.87,18.819
1.1452e+05,0.87,18.821
1.1455e+05,0.87,18.824
1.1458e+05,0.87,18.821
1.146e+05,0.87,18.821
1.1462e+05,0.87,18.824
1.1465e+05,0.87,18.824
1.1468e+05,0.87,18.821
1.147e+05,0.87,18.821
1.1472e+05,0.87,18.824
1.1475e+05,0.87,18.821
1.1478e+05,0.87,18.821
1.148e+05,0.87,18.824
1.1482e+05,0.87,18.824
1.1485e+05,0.87,18.826
1.1488e+05,0.87,18.824
1.149e+05,0.87,18.834
1.1492e+05,0.87,18.831
1.1495e+05,0.87,18.821
1.1498e+05,0.87,18.821
1.15e+05,0.87,18.821
1.1502e+05,0.87,18.814
1.1505e+05,0.87,18.814
1.1508e+05,0.87,18.817
1.151e+05,0.87,18.819
1.1512e+05,0.87,18.819
1.1515e+05,0.87,18.824
1.1518e+05,0.87,18.824
1.152e+05,0.87,18.821
1.1522e+05,0.87,18.821
1.1525e+05,0.87,18.821
1.1528e+05,0.87,18.824
1.153e+05,0.87,18.824
1.1532e+05,0.87,18.824
1.1535e+05,0.87,18.831
1.1538e+05,0.87,18.831
1.154e+05,0.87,18.834
1.1542e+05,0.87,18.836
1.1545e+05,0.87,18.836
1.1548e+05,0.87,18.834
1.155e+05,0.87,18.834
1.1552e+05,0.87,18.831
1.1555e+05,0.87,18.831
1.1558e+05,0.87,18.834
1.156e+05,0.87,18.826
1.1562e+05,0.87,18.826
1.1565e+05,0.87,18.824
1.1568e+05,0.87,18.817
1.157e+05,0.87,18.814
1.1572e+05,0.87,18.809
1.1575e+05,0.87,18.809
1.1578e+05,0.87,18.8
1.158e+05,0.87,18.797
1.1582e+05,0.87,18.8
1.1585e+05,0.87,18.795
1.1588e+05,0.87,18.795
1.159e+05,0.87,18.795
1.1592e+05,0.87,18.79
1.1595e+05,0.87,18.79
1.1598e+05,0.87,18.788
1.16e+05,0.87,18.795
1.1602e+05,0.87,18.797
1.1605e+05,0.87,18.797
1.1608e+05,0.87,18.795
1.161e+05,0.87,18.795
1.1612e+05,0.87,18.8
1.1615e+05,0.87,18.802
1.1618e+05,0.87,18.812
1.162e+05,0.87,18.809
1.1622e+05,0.87,18.809
1.1625e+05,0.87,18.807
1.1628e+05,0.87,18.802
1.163e+05,0.87,18.795
1.1632e+05,0.87,18.795
1.1635e+05,0.87,18.788
1.1638e+05,0.87,18.778
1.164e+05,0.87,18.776
1.1642e+05,0.87,18.773
1.1645e+05,0.87,18.771
1.1648e+05,0.9,18.783
1.165e+05,0.9,18.797
1.1652e+05,0.9,18.824
1.1655e+05,0.9,18.853
1.1658e+05,0.9,18.892
1.166e+05,0.9,18.938
1.1662e+05,0.9,18.979
1.1665e+05,0.9,19.03
1.1668e+05,0.9,19.083
1.167e+05,0.9,19.137
1.1672e+05,0.9,19.193
1.1675e+05,0.9,19.252
1.1678e+05,0.9,19.318
1.168e+05,0.9,19.372
1.1682e+05,0.9,19.426
1.1685e+05,0.9,19.483
1.1688e+05,0.9,19.532
1.169e+05,0.9,19.57
1.1692e+05,0.9,19.597
1.1695e+05,0.9,19.619
1.1698e+05,0.9,19.634
1.17e+05,0.9,19.649
1.1702e+05,0.9,19.661
1.1705e+05,0.9,19.666
1.1708e+05,0.9,19.676
1.171e+05,0.9,19.681
1.1712e+05,0.9,19.683
1.1715e+05,0.9,19.683
1.1718e+05,0.9,19.681
1.172e+05,0.9,19.683
1.1722e+05,0.9,19.683
1.1725e+05,0.9,19.683
1.1728e+05,0.9,19.683
1.173e+05,0.9,19.683
1.1732e+05,0.9,19.683
1.1735e+05,0.9,19.683
1.1738e+05,0.9,19.681
1.174e+05,0.9,19.686
1.1742e+05,0.9,19.686
1.1745e+05,0.9,19.691
1.1748e+05,0.9,19.689
1.175e+05,0.9,19.689
1.1752e+05,0.9,19.689
1.1755e+05,0.9,19.689
1.1758e+05,0.9,19.689
1.176e+05,0.9,19.689
1.1762e+05,0.9,19.701
1.1765e+05,0.9,19.701
1.1768e+05,0.9,19.698
1.177e+05,0.9,19.706
1.1772e+05,0.9,19.703
1.1775e+05,0.9,19.703
1.1778e+05,0.9,19.701
1.178e+05,0.9,19.694
1.1782e+05,0.9,19.691
1.1785e+05,0.9,19.694
1.1788e+05,0.9,19.691
1.179e+05,0.9,19.691
1.1792e+05,0.9,19.694
1.1795e+05,0.9,19.691
1.1798e+05,0.9,19.691
1.18e+05,0.9,19.689
1.1802e+05,0.9,19.676
1.1805e+05,0.9,19.674
1.1808e+05,0.9,19.674
1.181e+05,0.9,19.676
1.1812e+05,0.9,19.681
1.1815e+05,0.9,19.681
1.1818e+05,0.9,19.686
1.182e+05,0.9,19.683
1.1822e+05,0.9,19.696
1.1825e+05,0.9,19.696
1.1828e+05,0.9,19.696
1.183e+05,0.9,19.694
1.1832e+05,0.9,19.691
1.1835e+05,0.9,19.686
1.1838e+05,0.9,19.683
1.184e+05,0.9,19.686
1.1842e+05,0.9,19.683
1.1845e+05,0.9,19.686
1.1848e+05,0.9,19.701
1.185e+05,0.9,19.691
1.1852e+05,0.9,19.689
1.1855e+05,0.9,19.689
1.1858e+05,0.9,19.689
1.186e+05,0.9,19.689
1.1862e+05,0.9,19.676
1.1865e+05,0.9,19.679
1.1868e+05,0.9,19.679
1.187e+05,0.9,19.689
1.1872e+05,0.9,19.686
1.1875e+05,0.9,19.694
1.1878e+05,0.9,19.694
1.188e+05,0.9,19.694
1.1882e+05,0.9,19.694
1.1885e+05,0.9,19.691
1.1888e+05,0.9,19.679
1.189e+05,0.9,19.681
1.1892e+05,0.9,19.679
1.1895e+05,0.9,19.681
1.1898e+05,0.9,19.679
1.19e+05,0.9,19.679
1.1902e+05,0.9,19.679
1.1905e+05,0.9,19.669
1.1908e+05,0.9,19.666
1.191e+05,0.9,19.656
1.1912e+05,0.9,19.656
1.1915e+05,0.9,19.656
1.1918e+05,0.9,19.659
1.192e+05,0.9,19.661
1.1922e+05,0.9,19.666
1.1925e+05,0.9,19.671
1.1928e+05,0.9,19.671
1.193e+05,0.9,19.671
1.1932e+05,0.9,19.671
1.1935e+05,0.9,19.669
1.1938e+05,0.9,19.671
1.194e+05,0.9,19.671
1.1942e+05,0.9,19.671
1.1945e+05,0.9,19.669
1.1948e+05,0.9,19.669
1.195e+05,0.9,19.666
1.1952e+05,0.9,19.666
1.1955e+05,0.9,19.664
1.1958e+05,0.9,19.661
1.196e+05,0.9,19.659
1.1962e+05,0.9,19.654
1.1965e+05,0.9,19.649
1.1968e+05,0.9,19.649
1.197e+05,0.9,19.644
1.1972e+05,0.9,19.639
1.1975e+05,0.9,19.634
1.1978e+05,0.9,19.627
1.198e+05,0.9,19.624
1.1982e+05,0.9,19.624
1.1985e+05,0.9,19.627
1.1988e+05,0.9,19.619
1.199e+05,0.9,19.622
1.1992e+05,0.9,19.622
1.1995e+05,0.9,19.619
1.1998e+05,0.9,19.617
1.2e+05,0.9,19.612
1.2002e+05,0.9,19.612
1.2005e+05,0.9,19.609
1.2008e+05,0.9,19.604
1.201e+05,0.9,19.604
1.2012e+05,0.9,19.602
1.2015e+05,0.9,19.604
1.2018e+05,0.9,19.609
1.202e+05,0.9,19.609
1.2022e+05,0.9,19.607
1.2025e+05,0.9,19.607
1.2028e+05,0.9,19.612
1.203e+05,0.9,19.607
1.2032e+05,0.9,19.607
1.2035e+05,0.9,19.607
1.2038e+05,0.9,19.607
1.204e+05,0.9,19.607
1.2042e+05,0.9,19.604
1.2045e+05,0.9,19.604
1.2048e+05,0.93,19.607
1.205e+05,0.93,19.617
1.2052e+05,0.93,19.646
1.2055e+05,0.93,19.676
1.2058e+05,0.93,19.711
1.206e+05,0.93,19.751
1.2062e+05,0.93,19.788
1.2065e+05,0.93,19.828
1.2068e+05,0.93,19.88
1.207e+05,0.93,19.938
1.2072e+05,0.93,19.988
1.2075e+05,0.93,20.038
1.2078e+05,0.93,20.093
1.208e+05,0.93,20.149
1.2082e+05,0.93,20.204
1.2085e+05,0.93,20.262
1.2088e+05,0.93,20.315
1.209e+05,0.93,20.361
1.2092e+05,0.93,20.391
1.2095e+05,0.93,20.417
1.2098e+05,0.93,20.429
1.21e+05,0.93,20.445
1.2102e+05,0.93,20.462
1.2105e+05,0.93,20.475
1.2108e+05,0.93,20.478
1.211e+05,0.93,20.478
1.2112e+05,0.93,20.48
1.2115e+05,0.93,20.488
1.2118e+05,0.93,20.493
1.212e+05,0.93,20.493
1.2122e+05,0.93,20.495
1.2125e+05,0.93,20.493
1.2128e+05,0.93,20.495
1.213e+05,0.93,20.495
1.2132e+05,0.93,20.495
1.2135e+05,0.93,20.493
1.2138e+05,0.93,20.498
1.214e+05,0.93,20.498
1.2142e+05,0.93,20.501
1.2145e+05,0.93,20.498
1.2148e+05,0.93,20.498
1.215e+05,0.93,20.498
1.2152e+05,0.93,20.498
1.2155e+05,0.93,20.498
1.2158e+05,0.93,20.495
1.216e+05,0.93,20.498
1.2162e+05,0.93,20.49
1.2165e+05,0.93,20.493
1.2168e+05,0.93,20.49
1.217e+05,0.93,20.495
1.2172e+05,0.93,20.498
1.2175e+05,0.93,20.501
1.2178e+05,0.93,20.501
1.218e+05,0.93,20.501
1.2182e+05,0.93,20.498
1.2185e+05,0.93,20.501
1.2188e+05,0.93,20.501
1.219e+05,0.93,20.503
1.2192e+05,0.93,20.506
1.2195e+05,0.93,20.506
1.2198e+05,0.93,20.495
1.22e+05,0.93,20.495
1.2202e+05,0.93,20.503
1.2205e+05,0.93,20.501
1.2208e+05,0.93,20.493
1.221e+05,0.93,20.488
1.2212e+05,0.93,20.488
1.2215e+05,0.93,20.485
1.2218e+05,0.93,20.488
1.222e+05,0.93,20.483
1.2222e+05,0.93,20.483
1.2225e+05,0.93,20.483
1.2228e+05,0.93,20.483
1.223e+05,0.93,20.483
1.2232e+05,0.93,20.483
1.2235e+05,0.93,20.48
1.2238e+05,0.93,20.488
1.224e+05,0.93,20.485
1.2242e+05,0.93,20.488
1.2245e+05,0.93,20.488
1.2248e+05,0.93,20.495
1.225e+05,0.93,20.498
1.2252e+05,0.93,20.498
1.2255e+05,0.93,20.498
1.2258e+05,0.93,20.498
1.226e+05,0.93,20.501
1.2262e+05,0.93,20.501
1.2265e+05,0.93,20.501
1.2268e+05,0.93,20.518
1.227e+05,0.93,20.521
1.2272e+05,0.93,20.518
1.2275e+05,0.93,20.516
1.2278e+05,0.93,20.521
1.228e+05,0.93,20.521
1.2282e+05,0.93,20.518
1.2285e+05,0.93,20.518
1.2288e+05,0.93,20.518
1.229e+05,0.93,20.518
1.2292e+05,0.93,20.516
1.2295e+05,0.93,20.518
1.2298e+05,0.93,20.518
1.23e+05,0.93,20.521
1.2302e+05,0.93,20.521
1.2305e+05,0.93,20.521
1.2308e+05,0.93,20.503
1.231e+05,0.93,20.498
1.2312e+05,0.93,20.498
1.2315e+05,0.93,20.501
1.2318e+05,0.93,20.498
1.232e+05,0.93,20.498
1.2322e+05,0.93,20.495
1.2325e+05,0.93,20.493
1.2328e+05,0.93,20.493
1.233e+05,0.93,20.493
1.2332e+05,0.93,20.495
1.2335e+05,0.93,20.495
1.2338e+05,0.93,20.493
1.234e+05,0.93,20.49
1.2342e+05,0.93,20.49
1.2345e+05,0.93,20.493
1.2348e+05,0.93,20.495
1.235e+05,0.93,20.498
1.2352e+05,0.93,20.498
1.2355e+05,0.93,20.498
1.2358e+05,0.93,20.493
1.236e+05,0.93,20.495
1.2362e+05,0.93,20.495
1.2365e+05,0.93,20.498
1.2368e+05,0.93,20.498
1.237e+05,0.93,20.495
1.2372e+05,0.93,20.495
1.2375e+05,0.93,20.493
1.2378e+05,0.93,20.495
1.238e+05,0.93,20.493
1.2382e+05,0.93,20.493
1.2385e+05,0.93,20.49
1.2388e+05,0.93,20.488
1.239e+05,0.93,20.485
1.2392e+05,0.93,20.485
1.2395e+05,0.93,20.485
1.2398e+05,0.93,20.488
1.24e+05,0.93,20.488
1.2402e+05,0.93,20.488
1.2405e+05,0.93,20.488
1.2408e+05,0.93,20.49
1.241e+05,0.93,20.49
1.2412e+05,0.93,20.488
1.2415e+05,0.93,20.49
1.2418e+05,0.93,20.49
1.242e+05,0.93,20.493
1.2422e+05,0.93,20.495
1.2425e+05,0.93,20.498
1.2428e+05,0.93,20.503
1.243e+05,0.93,20.503
1.2432e+05,0.93,20.506
1.2435e+05,0.93,20.503
1.2438e+05,0.93,20.503
1.244e+05,0.93,20.501
1.2442e+05,0.93,20.501
1.2445e+05,0.93,20.503
1.2448e+05,0.96,20.506
1.245e+05,0.96,20.523
1.2452e+05,0.96,20.549
1.2455e+05,0.96,20.582
1.2458e+05,0.96,20.62
1.246e+05,0.96,20.661
1.2462e+05,0.96,20.705
1.2465e+05,0.96,20.748
1.2468e+05,0.96,20.792
1.247e+05,0.96,20.843
1.2472e+05,0.96,20.892
1.2475e+05,0.96,20.944
1.2478e+05,0.96,20.995
1.248e+05,0.96,21.052
1.2482e+05,0.96,21.104
1.2485e+05,0.96,21.154
1.2488e+05,0.96,21.2
1.249e+05,0.96,21.239
1.2492e+05,0.96,21.27
1.2495e+05,0.96,21.291
1.2498e+05,0.96,21.307
1.25e+05,0.96,21.323
1.2502e+05,0.96,21.328
1.2505e+05,0.96,21.338
1.2508e+05,0.96,21.349
1.251e+05,0.96,21.354
1.2512e+05,0.96,21.357
1.2515e+05,0.96,21.364
1.2518e+05,0.96,21.37
1.252e+05,0.96,21.367
1.2522e+05,0.96,21.37
1.2525e+05,0.96,21.377
1.2528e+05,0.96,21.377
1.253e+05,0.96,21.377
1.2532e+05,0.96,21.377
1.2535e+05,0.96,21.377
1.2538e+05,0.96,21.377
1.254e+05,0.96,21.377
1.2542e+05,0.96,21.383
1.2545e+05,0.96,21.383
1.2548e+05,0.96,21.38
1.255e+05,0.96,21.38
1.2552e+05,0.96,21.383
1.2555e+05,0.96,21.377
1.2558e+05,0.96,21.372
1.256e+05,0.96,21.375
1.2562e+05,0.96,21.372
1.2565e+05,0.96,21.364
1.2568e+05,0.96,21.364
1.257e+05,0.96,21.364
1.2572e+05,0.96,21.359
1.2575e+05,0.96,21.354
1.2578e+05,0.96,21.346
1.258e+05,0.96,21.343
1.2582e+05,0.96,21.333
1.2585e+05,0.96,21.333
1.2588e+05,0.96,21.328
1.259e+05,0.96,21.336
1.2592e+05,0.96,21.333
1.2595e+05,0.96,21.333
1.2598e+05,0.96,21.333
1.26e+05,0.96,21.333
1.2602e+05,0.96,21.338
1.2605e+05,0.96,21.341
1.2608e+05,0.96,21.343
1.261e+05,0.96,21.341
1.2612e+05,0.96,21.346
1.2615e+05,0.96,21.341
1.2618e+05,0.96,21.343
1.262e+05,0.96,21.346
1.2622e+05,0.96,21.351
1.2625e+05,0.96,21.351
1.2628e+05,0.96,21.351
1.263e+05,0.96,21.343
1.2632e+05,0.96,21.341
1.2635e+05,0.96,21.341
1.2638e+05,0.96,21.343
1.264e+05,0.96,21.341
1.2642e+05,0.96,21.336
1.2645e+05,0.96,21.333
1.2648e+05,0.96,21.336
1.265e+05,0.96,21.336
1.2652e+05,0.96,21.336
1.2655e+05,0.96,21.346
1.2658e+05,0.96,21.338
1.266e+05,0.96,21.328
1.2662e+05,0.96,21.333
1.2665e+05,0.96,21.328
1.2668e+05,0.96,21.328
1.267e+05,0.96,21.323
1.2672e+05,0.96,21.317
1.2675e+05,0.96,21.33
1.2678e+05,0.96,21.328
1.268e+05,0.96,21.325
1.2682e+05,0.96,21.325
1.2685e+05,0.96,21.325
1.2688e+05,0.96,21.325
1.269e+05,0.96,21.317
1.2692e+05,0.96,21.312
1.2695e+05,0.96,21.307
1.2698e+05,0.96,21.315
1.27e+05,0.96,21.325
1.2702e+05,0.96,21.32
1.2705e+05,0.96,21.32
1.2708e+05,0.96,21.32
1.271e+05,0.96,21.328
1.2712e+05,0.96,21.338
1.2715e+05,0.96,21.325
1.2718e+05,0.96,21.325
1.272e+05,0.96,21.33
1.2722e+05,0.96,21.328
1.2725e+05,0.96,21.333
1.2728e+05,0.96,21.328
1.273e+05,0.96,21.333
1.2732e+05,0.96,21.336
1.2735e+05,0.96,21.343
1.2738e+05,0.96,21.343
1.274e+05,0.96,21.343
1.2742e+05,0.96,21.346
1.2745e+05,0.96,21.346
1.2748e+05,0.96,21.346
1.275e+05,0.96,21.343
1.2752e+05,0.96,21.338
1.2755e+05,0.96,21.341
1.2758e+05,0.96,21.346
1.276e+05,0.96,21.341
1.2762e+05,0.96,21.343
1.2765e+05,0.96,21.338
1.2768e+05,0.96,21.341
1.277e+05,0.96,21.341
1.2772e+05,0.96,21.341
1.2775e+05,0.96,21.338
1.2778e+05,0.96,21.338
1.278e+05,0.96,21.328
1.2782e+05,0.96,21.325
1.2785e+05,0.96,21.333
1.2788e+05,0.96,21.338
1.279e+05,0.96,21.336
1.2792e+05,0.96,21.341
1.2795e+05,0.96,21.338
1.2798e+05,0.96,21.333
1.28e+05,0.96,21.341
1.2802e+05,0.96,21.343
1.2805e+05,0.96,21.349
1.2808e+05,0.96,21.343
1.281e+05,0.96,21.343
1.2812e+05,0.96,21.341
1.2815e+05,0.96,21.341
1.2818e+05,0.96,21.338
1.282e+05,0.96,21.346
1.2822e+05,0.96,21.343
1.2825e+05,0.96,21.338
1.2828e+05,0.96,21.333
1.283e+05,0.96,21.33
1.2832e+05,0.96,21.325
1.2835e+05,0.96,21.325
1.2838e+05,0.96,21.325
1.284e+05,0.96,21.317
1.2842e+05,0.96,21.32
1.2845e+05,0.96,21.315
1.2848e+05,0.99,21.323
1.285e+05,0.99,21.341
1.2852e+05,0.99,21.37
1.2855e+05,0.99,21.401
1.2858e+05,0.99,21.438
1.286e+05,0.99,21.474
1.2862e+05,0.99,21.524
1.2865e+05,0.99,21.566
1.2868e+05,0.99,21.613
1.287e+05,0.99,21.661
1.2872e+05,0.99,21.716
1.2875e+05,0.99,21.769
1.2878e+05,0.99,21.822
1.288e+05,0.99,21.877
1.2882e+05,0.99,21.93
1.2885e+05,0.99,21.989
1.2888e+05,0.99,22.042
1.289e+05,0.99,22.082
1.2892e+05,0.99,22.117
1.2895e+05,0.99,22.138
1.2898e+05,0.99,22.162
1.29e+05,0.99,22.184
1.2902e+05,0.99,22.194
